0.018590014427900314
0.39973366260528564
0.3613313138484955
0.35924506187438965
0.3541111350059509
0.3500020205974579
0.3644734025001526
0.3568655252456665
0.3575284779071808
0.34721100330352783
0.343448668718338
0.35163000226020813
0.3483050763607025
0.3439040780067444
0.3497791588306427
0.34982967376708984
0.3494146168231964
0.34380903840065
0.33845239877700806
0.3465416729450226
0.3442786633968353
0.3414210379123688
0.3310703635215759
0.3431955575942993
0.3409082293510437
0.3432029187679291
0.3438790738582611
0.33784952759742737
0.3367534577846527
0.33561083674430847
0.3370380997657776
0.3447618782520294
0.34068751335144043
0.33477160334587097
0.34347057342529297
0.336113303899765
0.3408254086971283
0.33733004331588745
0.3373030424118042
0.3410821855068207
0.3342621624469757
0.3341011703014374
0.33267709612846375
0.335027277469635
0.3345165550708771
0.3369053900241852
0.33211591839790344
0.33274853229522705
0.33373329043388367
0.3395446836948395
0.3392796516418457
0.006369252689182758
0.3309670686721802
0.33543533086776733
0.32814162969589233
0.33489906787872314
0.33483612537384033
0.3286063075065613
0.3284333348274231
0.32870250940322876
0.33640074729919434
0.33912819623947144
0.3311538100242615
0.3330910801887512
0.3312201499938965
0.33036288619041443
0.3258436918258667
0.32855504751205444
0.3336396813392639
0.331950306892395
0.3293597400188446
0.3227003514766693
0.32830971479415894
0.33607223629951477
