0.9295006990432739
0.6905224919319153
0.4787898659706116
1.449697732925415
0.3811476230621338
0.4047728180885315
0.5479431748390198
0.40102896094322205
0.38573989272117615
0.4010404050350189
0.3767384886741638
0.37994909286499023
0.3655693233013153
0.3281993269920349
0.36825522780418396
0.36575156450271606
0.361811101436615
0.37735918164253235
0.38831135630607605
0.36464735865592957
0.3698028028011322
0.3808267414569855
0.3417830169200897
0.3879094421863556
0.3548036515712738
0.330902099609375
0.30196651816368103
0.3943396210670471
0.40072011947631836
0.32795509696006775
0.33202558755874634
0.4030906558036804
0.3740890324115753
0.3613564074039459
0.3501759469509125
0.36933964490890503
0.37143102288246155
0.35800901055336
0.37664884328842163
0.3649154305458069
0.35242658853530884
0.39841607213020325
0.34798961877822876
0.3263566792011261
0.3462221622467041
0.3007700443267822
0.3782619833946228
0.32127824425697327
0.40416017174720764
0.3911871016025543
0.350248783826828
0.3778367340564728
0.34114736318588257
0.3447926938533783
0.36506348848342896
0.3814757764339447
0.32856401801109314
0.39323529601097107
0.3656766414642334
0.34013691544532776
0.3481499254703522
0.4041762351989746
0.3811228573322296
0.35079917311668396
0.37185758352279663
0.3395993411540985
0.33355093002319336
0.34048992395401
0.36955347657203674
0.33926841616630554
0.3588598370552063
0.33994626998901367
0.36593881249427795
0.35805222392082214
0.3638611435890198
0.3534996807575226
0.3835970461368561
0.33951449394226074
0.3803776204586029
0.3497675359249115
0.3873229920864105
0.35318776965141296
0.3642125129699707
0.318981796503067
0.31833961606025696
0.3654966950416565
0.3644125461578369
0.38199523091316223
0.3779652416706085
0.3192305862903595
0.396311491727829
0.371786504983902
0.3508429527282715
0.36630502343177795
0.3991967737674713
0.37631526589393616
0.40366309881210327
0.34030652046203613
0.3491564095020294
0.3631592094898224
0.38846343755722046
0.3519291877746582
0.32001903653144836
0.3883121907711029
0.3690280616283417
0.39150381088256836
0.3577350974082947
0.3735472857952118
0.34568527340888977
0.36570149660110474
0.3621794283390045
0.3656180500984192
0.3343847692012787
0.37331023812294006
0.3596324920654297
0.3389306962490082
0.3681522011756897
0.35638660192489624
0.29797157645225525
0.4032538831233978
0.3646131455898285
0.3312092423439026
0.349418967962265
0.3720698356628418
0.3967943787574768
0.3779473304748535
0.41115689277648926
0.33661970496177673
0.3731929361820221
0.38138535618782043
0.3564448058605194
0.3495059907436371
0.34576982259750366
0.3475286066532135
0.3872586190700531
0.41473373770713806
0.3660753071308136
0.3343663215637207
0.36385729908943176
0.31761959195137024
0.35201120376586914
0.32924821972846985
0.3576553761959076
0.3485250473022461
0.3458313047885895
0.3879278004169464
0.3332535922527313
0.35386863350868225
0.3499518036842346
0.36585840582847595
0.33727285265922546
0.37399688363075256
0.31579849123954773
0.3305642902851105
0.4027699828147888
0.3456087112426758
0.36196014285087585
0.3307371735572815
0.3594161570072174
0.34159669280052185
0.3282281458377838
0.34935861825942993
0.32971927523612976
0.3612603545188904
0.34920457005500793
0.3560296595096588
0.3472762405872345
0.3517155051231384
0.3367774188518524
0.3396568298339844
0.37308269739151
0.3670900762081146
0.35412904620170593
0.35785627365112305
0.38914409279823303
0.3353751003742218
0.372313916683197
0.3629857003688812
0.3374435603618622
0.32112088799476624
0.34928008913993835
0.3720286786556244
0.37116214632987976
0.34930625557899475
0.3469827473163605
0.35265207290649414
0.33081498742103577
0.4026177227497101
0.3818100392818451
0.3330453336238861
0.3460443615913391
0.38850516080856323
0.3483901619911194
0.3318933844566345
0.3729418218135834
0.33006730675697327
0.3356781601905823
0.391572505235672
0.3624730706214905
0.3801576495170593
0.345915824174881
0.3189680576324463
0.35868361592292786
0.3424343466758728
0.31785669922828674
0.3210231363773346
0.30678558349609375
0.37517642974853516
0.3738931119441986
0.36742448806762695
0.3661571145057678
0.30683544278144836
0.327779084444046
0.38924309611320496
0.33540254831314087
0.3388635814189911
0.3515348434448242
0.35200315713882446
0.3304324746131897
0.3616817891597748
0.3452863097190857
0.34128835797309875
0.3682086169719696
0.33870363235473633
0.3351011872291565
0.3433189392089844
0.330782949924469
0.3721274733543396
0.38808539509773254
0.39065128564834595
0.3380943238735199
0.33570846915245056
0.3816447854042053
0.3575846254825592
0.3768593370914459
0.354558527469635
0.35234469175338745
0.33796757459640503
0.35491943359375
0.33571657538414
0.3867835998535156
0.3446045219898224
0.3642137050628662
0.36541351675987244
0.33140501379966736
0.41419246792793274
0.32912322878837585
0.32399782538414
0.3656613826751709
0.32760730385780334
0.325965940952301
0.3410264551639557
0.4076962471008301
0.3697402775287628
0.3487870395183563
0.3912382125854492
0.36256885528564453
0.31444236636161804
0.34436920285224915
0.3564455807209015
0.3490600883960724
0.347501277923584
0.3570299744606018
0.38810887932777405
0.379085510969162
0.3709939420223236
0.37091535329818726
0.36907440423965454
0.3576758801937103
0.3806501030921936
0.3630962371826172
0.38193416595458984
0.37669801712036133
0.3468417823314667
0.3381209969520569
0.4132196605205536
0.3669425845146179
0.33329418301582336
0.36687296628952026
0.373760461807251
0.3374786376953125
0.32138699293136597
0.37679943442344666
0.37729573249816895
0.37006768584251404
0.3887511193752289
0.35661792755126953
0.34147909283638
0.34442925453186035
0.3614579737186432
0.3791320025920868
0.3453022837638855
0.36052945256233215
0.39447975158691406
0.35645803809165955
0.3849320113658905
0.3995140492916107
0.3606858253479004
0.3873279094696045
0.3665863573551178
0.3457694351673126
0.3356686234474182
0.35282102227211
0.3543352782726288
0.326596200466156
0.38516291975975037
0.33401909470558167
0.3595048785209656
0.34893426299095154
0.32386118173599243
0.33306679129600525
0.3742986023426056
0.3713809549808502
0.32852882146835327
0.3528382480144501
0.30095240473747253
0.3494722247123718
0.3859671950340271
0.41275423765182495
0.36492398381233215
0.3710131049156189
0.3618443012237549
0.36062076687812805
0.4074053466320038
0.3484043776988983
0.3727194666862488
0.3500007688999176
0.3978385329246521
0.35161271691322327
0.3865806758403778
0.3308088183403015
0.35817399621009827
0.34384575486183167
0.35372617840766907
0.33136624097824097
0.30856698751449585
0.31347140669822693
0.36082929372787476
0.38047680258750916
0.4101862609386444
0.3536224961280823
0.36024680733680725
0.3794167935848236
0.3382774889469147
0.3524046242237091
0.3935944139957428
0.36385607719421387
0.3440481722354889
0.389647901058197
0.36363735795021057
0.30994680523872375
0.38877883553504944
0.33725684881210327
0.3920218348503113
0.33092257380485535
0.3886474072933197
0.3436897397041321
0.3775470554828644
0.3655249774456024
0.35134485363960266
0.3394332528114319
0.33545535802841187
0.38111612200737
0.38156527280807495
0.3211645185947418
0.3606363832950592
0.3575970530509949
0.3743654191493988
0.32065752148628235
0.39906731247901917
0.3336111009120941
0.4147125780582428
0.34679684042930603
0.367144376039505
0.3320993483066559
0.3386286199092865
0.4108757972717285
0.39772704243659973
0.35112497210502625
0.36638328433036804
0.3758118450641632
0.3400309383869171
0.36271223425865173
0.3273353576660156
0.4053364396095276
0.3461344838142395
0.36442703008651733
0.34262892603874207
0.344001829624176
0.3924711048603058
0.3594937026500702
0.3380468785762787
0.32967084646224976
0.3273865580558777
0.33891555666923523
0.33039140701293945
0.32103314995765686
0.3842238783836365
0.3572240471839905
0.33773645758628845
0.3455173969268799
0.31732696294784546
0.39364293217658997
0.37603050470352173
0.33141714334487915
0.3657934367656708
0.38424476981163025
0.3760959208011627
0.3115105926990509
0.3522452712059021
0.3749244511127472
0.3123359680175781
0.36872079968452454
0.3396236002445221
0.3645077347755432
0.3868408799171448
0.2964462637901306
0.34357786178588867
0.36892351508140564
0.3949156105518341
0.3554801940917969
0.3445269465446472
0.39796462655067444
0.3469504714012146
0.3741733729839325
0.3297172486782074
0.32822102308273315
0.30799442529678345
0.32728099822998047
0.3245416581630707
0.34954825043678284
0.3752017617225647
0.33205094933509827
0.369769424200058
0.4193153381347656
0.32266825437545776
0.3141617178916931
0.3347052037715912
0.336270272731781
0.29065150022506714
0.31270259618759155
0.31894299387931824
0.376058429479599
0.3296981155872345
0.29821160435676575
0.37364286184310913
0.37727370858192444
0.35918352007865906
0.3275226950645447
0.33164024353027344
0.3153533339500427
0.3056684136390686
0.3309558033943176
0.34401455521583557
0.3318026661872864
0.34323611855506897
0.3548257350921631
0.4097599387168884
0.3203645348548889
0.3428247272968292
0.3337319493293762
0.34524616599082947
0.3502840995788574
0.38267627358436584
0.3227698504924774
0.35884103178977966
0.32933130860328674
0.3617520332336426
0.3279508054256439
0.3499721884727478
0.3324865698814392
0.31016284227371216
0.31082114577293396
0.3472275733947754
0.37574630975723267
0.34160709381103516
0.2970343232154846
0.34394925832748413
0.2918531596660614
0.35182738304138184
0.3317335546016693
0.33637335896492004
0.3320886492729187
0.35619574785232544
0.36650434136390686
0.3302566111087799
0.3411349654197693
0.3370431363582611
0.36949601769447327
0.35418346524238586
0.3768215477466583
0.3997040390968323
0.35466569662094116
0.3790794014930725
0.3475402891635895
0.3559485077857971
0.36357927322387695
0.3045399487018585
0.3006881773471832
0.36819905042648315
0.31793445348739624
0.3777761161327362
0.3655064105987549
0.3287218511104584
0.3686496317386627
0.40663081407546997
0.3514070510864258
0.32261162996292114
0.340370237827301
0.35779768228530884
0.3369828760623932
0.3677569329738617
0.3645973205566406
0.32903656363487244
0.3858187794685364
0.32073745131492615
0.3654222786426544
0.35796117782592773
0.35759472846984863
0.3642142117023468
0.3575771152973175
0.38182321190834045
0.372368186712265
0.3231312334537506
0.3389902710914612
0.35331326723098755
0.3658714294433594
0.35546430945396423
0.32540491223335266
0.37502890825271606
0.3469114899635315
0.3204834759235382
0.36920663714408875
0.34551653265953064
0.3218260407447815
0.3231829106807709
0.39385536313056946
0.30934709310531616
0.37426069378852844
0.3285372257232666
0.33339032530784607
0.33777835965156555
0.3527965247631073
0.30594608187675476
0.33443763852119446
0.37512898445129395
0.33311036229133606
0.43520838022232056
0.3326592445373535
0.37655383348464966
0.3127977252006531
0.3549957573413849
0.3371516764163971
0.34813380241394043
0.3253677785396576
0.39919257164001465
0.33080393075942993
0.33679109811782837
0.31898048520088196
0.4063337743282318
0.3634374439716339
0.32811036705970764
0.3325185775756836
0.3661574721336365
0.373320996761322
0.3241221010684967
0.282223641872406
0.3238868713378906
0.353548526763916
0.35376766324043274
0.31613922119140625
0.346987247467041
0.3853815495967865
0.35283300280570984
0.3389257788658142
0.3400121033191681
0.32911115884780884
0.3299241364002228
0.3427239954471588
0.3729549050331116
0.37426993250846863
0.34683069586753845
0.34868547320365906
0.40030765533447266
0.34952887892723083
0.33279508352279663
0.35415026545524597
0.34110313653945923
0.3535723090171814
0.309819757938385
0.32181400060653687
0.3324851095676422
0.40443986654281616
0.3442176878452301
0.3943638205528259
0.3669746220111847
0.3578666150569916
0.3782061040401459
0.32627636194229126
0.3524978458881378
0.3112134337425232
0.3454875648021698
0.3983202576637268
0.3485826849937439
0.35339975357055664
0.33909517526626587
0.32932350039482117
0.3079509735107422
0.34463635087013245
0.301961213350296
0.35105404257774353
0.30285805463790894
0.35356488823890686
0.33577993512153625
0.2736313045024872
0.321485310792923
0.40338727831840515
0.37042590975761414
0.35877877473831177
0.34134626388549805
0.363962322473526
0.3593805134296417
0.3576779067516327
0.3232477307319641
0.3492545485496521
0.3732838034629822
0.3753645122051239
0.33369573950767517
0.3132707178592682
0.3594224154949188
0.33425432443618774
0.32022055983543396
0.35705670714378357
0.3359423279762268
0.3230913579463959
0.34797635674476624
0.36464324593544006
0.34650036692619324
0.29647234082221985
0.3668581545352936
0.35195913910865784
0.31429240107536316
0.3610541820526123
0.4133705496788025
0.34166234731674194
0.3213823139667511
0.3566282093524933
0.3217926323413849
0.33026832342147827
0.3709845542907715
0.3291633129119873
0.35241371393203735
0.3565545082092285
0.367171972990036
0.32489046454429626
0.37983813881874084
0.35735103487968445
0.3427363932132721
0.3653815686702728
0.3222499489784241
0.3500227630138397
0.37237548828125
0.3476819694042206
0.3395039737224579
0.34546422958374023
0.32251712679862976
0.3670911192893982
0.3471343517303467
0.3720827102661133
0.3191864788532257
0.3765254020690918
0.3133895695209503
0.333230197429657
0.36729341745376587
0.37771788239479065
0.3246161639690399
0.34367895126342773
0.3434480130672455
0.40538904070854187
0.3577064573764801
0.35501807928085327
0.33283907175064087
0.3184785842895508
0.3696339428424835
0.3718126714229584
0.33557143807411194
0.3391655385494232
0.35381582379341125
0.4069325029850006
0.3244897425174713
0.3402961194515228
0.3523375391960144
0.3195246160030365
0.3476330637931824
0.36023297905921936
0.3621300160884857
0.32764679193496704
0.32625940442085266
0.3356556296348572
0.3595544695854187
0.3552877902984619
0.334696501493454
0.36033326387405396
0.3325957655906677
0.3295663893222809
0.3512590825557709
0.3705975115299225
0.37745121121406555
0.3571453392505646
0.3980332911014557
0.3563408851623535
0.32596349716186523
0.3381100296974182
0.3344019055366516
0.3542613387107849
0.35664743185043335
0.36013010144233704
0.36903896927833557
0.3763713240623474
0.375885009765625
0.36185264587402344
0.32111257314682007
0.3688190281391144
0.34495851397514343
0.3264397978782654
0.33914703130722046
0.3579862415790558
0.4015238583087921
0.35327139496803284
0.3492010533809662
0.341565877199173
0.36819151043891907
0.3111513555049896
0.3518312871456146
0.32435163855552673
0.3183087706565857
0.33753854036331177
0.3987791836261749
0.3257594704627991
0.3387168347835541
0.3188314437866211
0.3564608693122864
0.31986522674560547
0.38065290451049805
0.2985703647136688
0.32294008135795593
0.33111053705215454
0.3431472182273865
0.4066527187824249
0.36412808299064636
0.3497858941555023
0.3518460690975189
0.3549424111843109
0.33920958638191223
0.35899239778518677
0.34923720359802246
0.35587164759635925
0.33405187726020813
0.3728444278240204
0.33402296900749207
0.36023202538490295
0.36710187792778015
0.30534887313842773
0.32182058691978455
0.4158497452735901
0.3682035803794861
0.30693426728248596
0.3927125930786133
0.31957095861434937
0.410286009311676
0.35355356335639954
0.35609903931617737
0.34872013330459595
0.3618173599243164
0.3301357924938202
0.38955825567245483
0.3364849090576172
0.3517598807811737
0.3834055960178375
0.3670026659965515
0.3501432240009308
0.3514898419380188
0.3333187401294708
0.3485645353794098
0.3468434512615204
0.3790549635887146
0.3366500437259674
0.3190477788448334
0.3494158387184143
0.39668551087379456
0.32589879631996155
0.3365003168582916
0.3500750958919525
0.31761065125465393
0.3457027077674866
0.340291291475296
0.35847043991088867
0.32480716705322266
0.31970375776290894
0.2940382957458496
0.3488028347492218
0.3946514427661896
0.3446679711341858
0.28327158093452454
0.3230956494808197
0.3421967327594757
0.34984728693962097
0.38550442457199097
0.34847456216812134
0.3538792133331299
0.40862321853637695
0.3327879011631012
0.3315255343914032
0.31657329201698303
0.3738033175468445
0.35502496361732483
0.2982395589351654
0.30199572443962097
0.35691502690315247
0.32369735836982727
0.2926653027534485
0.3144473135471344
0.3668653070926666
0.39256158471107483
0.29944783449172974
0.370267391204834
0.37006765604019165
0.4068182408809662
0.3495863080024719
0.3480910658836365
0.3454093337059021
0.3702114224433899
0.3118846118450165
0.3188473880290985
0.3339684307575226
0.3646790087223053
0.34810540080070496
0.36728063225746155
0.3429781496524811
0.34358617663383484
0.2910465598106384
0.3718321621417999
0.3439936637878418
0.3863527476787567
0.3268025815486908
0.33801889419555664
0.3287622630596161
0.3329838216304779
0.3139556348323822
0.33155038952827454
0.34261202812194824
0.34932321310043335
0.3456359803676605
0.30920615792274475
0.321785032749176
0.3603181540966034
0.3290477395057678
0.33614227175712585
0.33364686369895935
0.3373587727546692
0.3470957279205322
0.3790416419506073
0.3524397313594818
0.36819925904273987
0.3456716537475586
0.38207128643989563
0.3275090754032135
0.3659939169883728
0.3614010512828827
0.3519110083580017
0.34141597151756287
0.3618454933166504
0.32390695810317993
0.3133716583251953
0.3474312722682953
0.3547947108745575
0.36727672815322876
0.33439090847969055
0.3276616632938385
0.3480629026889801
0.31330305337905884
0.3746277987957001
0.32464590668678284
0.3129713833332062
0.32885244488716125
0.3058374226093292
0.3429417610168457
0.32152727246284485
0.3615701198577881
0.3298363983631134
0.3830346465110779
0.3328295350074768
0.33064523339271545
0.28812116384506226
0.28960591554641724
0.3534723222255707
0.3365999758243561
0.33045101165771484
0.298748642206192
0.3225012421607971
0.31653785705566406
0.34622934460639954
0.3340071141719818
0.3367995321750641
0.3364914357662201
0.35309749841690063
0.3133555054664612
0.33633318543434143
0.35639578104019165
0.3700498938560486
0.35059913992881775
0.33408641815185547
0.3664312958717346
0.32802918553352356
0.2977607548236847
0.33415597677230835
0.34461620450019836
0.3953552544116974
0.3811163902282715
0.3687882423400879
0.3485504984855652
0.32853350043296814
0.3550824224948883
0.33028119802474976
0.33561959862709045
0.3569489121437073
0.37408557534217834
0.3333985209465027
0.3400585949420929
0.34056076407432556
0.3353094458580017
0.3298270106315613
0.39466094970703125
0.3379821181297302
0.35726866126060486
0.3421403467655182
0.3387620449066162
0.31734994053840637
0.38309329748153687
0.37626710534095764
0.3061227798461914
0.40125328302383423
0.32503578066825867
0.36826032400131226
0.36129823327064514
0.3170066177845001
0.3725130558013916
0.33870360255241394
0.3395819365978241
0.3173745572566986
0.34045201539993286
0.31082862615585327
0.3418769836425781
0.3116617202758789
0.3196262717247009
0.36100712418556213
0.34584859013557434
0.358838826417923
0.33954375982284546
0.3604900538921356
0.3346898853778839
0.37708187103271484
0.3553089499473572
0.3446092903614044
0.3139820992946625
0.3715316653251648
0.31652191281318665
0.30486753582954407
0.36557695269584656
0.3433435261249542
0.34803909063339233
0.3225421905517578
0.375798761844635
0.3462858200073242
0.35157135128974915
0.3492319583892822
0.3379903733730316
0.31917741894721985
0.34815242886543274
0.3576522171497345
0.35069432854652405
0.36471787095069885
0.33324751257896423
0.36902210116386414
0.3188299536705017
0.33524805307388306
0.35025638341903687
0.2941282391548157
0.34749454259872437
0.328403502702713
0.333021342754364
0.3392905592918396
0.3593190014362335
0.39267340302467346
0.34185606241226196
0.37235116958618164
0.360450804233551
0.33066266775131226
0.3613159954547882
0.370244562625885
0.3270297050476074
0.4004113972187042
0.33903640508651733
0.3174736201763153
0.36750420928001404
0.318498432636261
0.37107276916503906
0.34303778409957886
0.3547547161579132
0.34598594903945923
0.3355094790458679
0.33510059118270874
0.3871963918209076
0.34603187441825867
0.3357718288898468
0.3400973975658417
0.33630743622779846
0.3287235200405121
0.2952798306941986
0.3238014876842499
0.35556507110595703
0.3496941030025482
0.34040001034736633
0.3172774314880371
0.3505248725414276
0.3407231867313385
0.3285028040409088
0.35053372383117676
0.39292123913764954
0.2921030819416046
0.3325060307979584
0.3289380669593811
0.36517366766929626
0.31240400671958923
0.3186050057411194
0.3286733627319336
0.3714872896671295
0.34416812658309937
0.3343053162097931
0.3310631811618805
0.36086755990982056
0.3480061888694763
0.3498833477497101
0.3598141074180603
0.321627676486969
0.34080299735069275
0.3422008156776428
0.32182183861732483
0.325074166059494
0.3433920443058014
0.35039931535720825
0.33763232827186584
0.2985982298851013
0.3038012683391571
0.3360220491886139
0.3349784016609192
0.3072492182254791
0.28824177384376526
0.29044753313064575
0.3825484812259674
0.2982645630836487
0.3056621551513672
0.34743282198905945
0.35795101523399353
0.31982889771461487
0.35688623785972595
0.30610111355781555
0.31795570254325867
0.2996104657649994
0.3544636070728302
0.3740546405315399
0.3318295478820801
0.35197025537490845
0.31293854117393494
0.3381240665912628
0.3285021483898163
0.3524923324584961
0.3325306475162506
0.3368528187274933
0.32587486505508423
0.30943045020103455
0.37207603454589844
0.3355748951435089
0.33316293358802795
0.3654709756374359
0.34477105736732483
0.3414768874645233
0.3068135380744934
0.3009739816188812
0.32535362243652344
0.33971187472343445
0.3276766836643219
0.3503588140010834
0.2903978228569031
0.35812726616859436
0.3513004183769226
0.3552517294883728
0.3027975559234619
0.32469192147254944
0.3610099256038666
0.32824262976646423
0.37752753496170044
0.3503554165363312
0.32382410764694214
0.356951504945755
0.3574342131614685
0.31315112113952637
0.34586456418037415
0.35590052604675293
0.3257845938205719
0.32984399795532227
0.3037883937358856
0.30247098207473755
0.3773045539855957
0.3251068592071533
0.3399074673652649
0.3484843075275421
0.349179744720459
0.34676000475883484
0.3599109649658203
0.31389397382736206
0.3198916018009186
0.3204074501991272
0.310445100069046
0.35495272278785706
0.36153048276901245
0.36037033796310425
0.3720362186431885
0.3029192388057709
0.32638832926750183
0.3809950053691864
0.37916550040245056
0.3595278859138489
0.35750770568847656
0.32768529653549194
0.3361053764820099
0.33638110756874084
0.3462805151939392
0.3121819794178009
0.3745390474796295
0.3471643030643463
0.35071295499801636
0.2873566150665283
0.33064863085746765
0.37666335701942444
0.39063897728919983
0.3561079204082489
0.3561229109764099
0.33313459157943726
0.33701691031455994
0.3514585494995117
0.36634811758995056
0.3019044101238251
0.3532571792602539
0.3452947437763214
0.31633681058883667
0.3295592665672302
0.31766510009765625
0.3665420711040497
0.35846951603889465
0.41105955839157104
0.41593459248542786
0.33516404032707214
0.34052959084510803
0.35453590750694275
0.33759233355522156
0.32019299268722534
0.2830449044704437
0.36259371042251587
0.34302425384521484
0.3296966552734375
0.38289278745651245
0.35623878240585327
0.3813318610191345
0.34724870324134827
0.31654486060142517
0.32710176706314087
0.3647139370441437
0.31580987572669983
0.3668576180934906
0.3443570137023926
0.3344975411891937
0.3423953354358673
0.3716425895690918
0.35666730999946594
0.30612629652023315
0.35151004791259766
0.2769918441772461
0.3084467351436615
0.31220993399620056
0.31178948283195496
0.31627005338668823
0.36099156737327576
0.31788110733032227
0.36175552010536194
0.34925347566604614
0.3288431763648987
0.3437713086605072
0.3535314202308655
0.3304929733276367
0.31850284337997437
0.34989121556282043
0.34084463119506836
0.32880181074142456
0.34582027792930603
0.3927540183067322
0.33847007155418396
0.3377322554588318
0.3855471611022949
0.33608171343803406
0.3482566475868225
0.3377029597759247
0.33684661984443665
0.31458690762519836
0.35506752133369446
0.36979058384895325
0.3252718150615692
0.32964345812797546
0.36809056997299194
0.3005363345146179
0.36772945523262024
0.3353571891784668
0.3654436469078064
0.30894023180007935
0.3422887623310089
0.3155365586280823
0.3780612647533417
0.3066944181919098
0.30025365948677063
0.33425194025039673
0.3370402753353119
0.27604940533638
0.3801310956478119
0.4061346650123596
0.31331339478492737
0.3918778598308563
0.34246525168418884
0.3507244884967804
0.33884286880493164
0.32765939831733704
0.31476160883903503
0.33870983123779297
0.3531276285648346
0.33476367592811584
0.3659680187702179
0.35817959904670715
0.35393092036247253
0.34780025482177734
0.34403401613235474
0.32452264428138733
0.36381736397743225
0.3057899475097656
0.31564420461654663
0.3405335247516632
0.3608736991882324
0.3736730217933655
0.33651232719421387
0.28298982977867126
0.33544468879699707
0.3298487067222595
0.4011929929256439
0.34055694937705994
0.3676556646823883
0.3676019310951233
0.35632672905921936
0.3590550720691681
0.3131549656391144
0.36746522784233093
0.328053742647171
0.38415446877479553
0.3393464684486389
0.3091144561767578
0.3284664750099182
0.3384675979614258
0.358797550201416
0.3480317294597626
0.356595903635025
0.31834670901298523
0.32285574078559875
0.3456708788871765
0.32702723145484924
0.373649537563324
0.31552091240882874
0.3920381963253021
0.3751900792121887
0.38673919439315796
0.31056180596351624
0.37359803915023804
0.34405866265296936
0.31406643986701965
0.3210797607898712
0.37543848156929016
0.32351940870285034
0.3300636112689972
0.33086103200912476
0.31185564398765564
0.3512483537197113
0.3453271687030792
0.3353573977947235
0.36839571595191956
0.35613393783569336
0.32218101620674133
0.3333391547203064
0.3565376102924347
0.3510587215423584
0.3303588926792145
0.33350279927253723
0.3355293273925781
0.3538968861103058
0.29595881700515747
0.3246348798274994
0.3391350209712982
0.351897656917572
0.316354364156723
0.3213825821876526
0.3245235085487366
0.3200102150440216
0.3559477627277374
0.3433893620967865
0.3465825617313385
0.30939435958862305
0.33630985021591187
0.3264187276363373
0.4151541292667389
0.382328063249588
0.32458481192588806
0.28455716371536255
0.36806759238243103
0.33236271142959595
0.28845423460006714
0.3470318019390106
0.377708375453949
0.3209064304828644
0.36675113439559937
0.3476383686065674
0.34084436297416687
0.3205339014530182
0.35155704617500305
0.36136627197265625
0.31864723563194275
0.3946300446987152
0.3061424195766449
0.3102627396583557
0.3028537333011627
0.305510938167572
0.38349050283432007
0.3560287356376648
0.3154906630516052
0.33511999249458313
0.37214845418930054
0.3339616358280182
0.3391956388950348
0.3358805477619171
0.2866165339946747
0.3125109076499939
0.3320498466491699
0.3191239535808563
0.32770103216171265
0.33540254831314087
0.3410956561565399
0.285671591758728
0.30910056829452515
0.3207092881202698
0.3050402104854584
0.3924466669559479
0.3215424716472626
0.3351684510707855
0.38360244035720825
0.32484373450279236
0.3777030408382416
0.30074259638786316
0.34228014945983887
0.3386058211326599
0.34969857335090637
0.3306857645511627
0.3306247889995575
0.33032068610191345
0.37595465779304504
0.3395330011844635
0.3115396499633789
0.3225199282169342
0.31936269998550415
0.3303702771663666
0.38001376390457153
0.3547488749027252
0.36434587836265564
0.3082547187805176
0.36060959100723267
0.34029653668403625
0.3414716124534607
0.33502620458602905
0.3244938850402832
0.3255365192890167
0.39165279269218445
0.31631094217300415
0.308377206325531
0.3651084303855896
0.3393564224243164
0.36191728711128235
0.2978755533695221
0.41463273763656616
0.300585001707077
0.3359798491001129
0.3253396153450012
0.3102983832359314
0.33558663725852966
0.3391176760196686
0.3277728855609894
0.3172456920146942
0.2999315559864044
0.34927988052368164
0.3283218741416931
0.3361370265483856
0.318399578332901
0.29309535026550293
0.34472471475601196
0.34118175506591797
0.35906675457954407
0.3227309584617615
0.34967732429504395
0.3146043121814728
0.3452152609825134
0.33913809061050415
0.27360936999320984
0.3392306864261627
0.3548649251461029
0.35053157806396484
0.3750545084476471
0.3381716310977936
0.33743223547935486
0.35248133540153503
0.33950620889663696
0.34050482511520386
0.3255434036254883
0.3492020070552826
0.35297057032585144
0.3683749735355377
0.30866125226020813
0.30867257714271545
0.3341868221759796
0.33357948064804077
0.35353484749794006
0.3203127086162567
0.3361438810825348
0.31063181161880493
0.3438026010990143
0.3526044189929962
0.36232462525367737
0.34444424510002136
0.4063558280467987
0.3343835473060608
0.3502538800239563
0.3669535219669342
0.29969003796577454
0.38105300068855286
0.39328235387802124
0.3192109167575836
0.3320253789424896
0.30388370156288147
0.32839298248291016
0.2827758193016052
0.33365005254745483
0.3739282190799713
0.359084814786911
0.284523606300354
0.3975297510623932
0.34048524498939514
0.33993592858314514
0.34845978021621704
0.3051411807537079
0.3420572280883789
0.33144786953926086
0.35789135098457336
0.34433895349502563
0.29361745715141296
0.3911042809486389
0.3217840790748596
0.33986636996269226
0.32877683639526367
0.3170273005962372
0.3661351203918457
0.36891207098960876
0.29876798391342163
0.3482213616371155
0.3228645920753479
0.35501769185066223
0.3365316092967987
0.3535028100013733
0.35861846804618835
0.3316081464290619
0.3034174144268036
0.3353847563266754
0.3303532004356384
0.3289627432823181
0.3158133327960968
0.31536436080932617
0.32511112093925476
0.35936641693115234
0.32301729917526245
0.3090810179710388
0.3576831817626953
0.3358057141304016
0.3819122910499573
0.39405912160873413
0.35449400544166565
0.35985755920410156
0.3288520276546478
0.3372364044189453
0.3357436954975128
0.36387744545936584
0.3229793608188629
0.3720436692237854
0.352610319852829
0.32246336340904236
0.3168649971485138
0.32850149273872375
0.327667772769928
0.3196832239627838
0.3113006055355072
0.35342660546302795
0.33509984612464905
0.30665257573127747
0.36435896158218384
0.305441677570343
0.3455100655555725
0.3687278926372528
0.3543199896812439
0.3732016384601593
0.36371085047721863
0.3434431850910187
0.324398934841156
0.3423600196838379
0.3593611717224121
0.36205562949180603
0.33781036734580994
0.33024272322654724
0.32238802313804626
0.3291225731372833
0.3193894028663635
0.3402465283870697
0.33279791474342346
0.33693328499794006
0.3602316677570343
0.31523603200912476
0.41514602303504944
0.3735993206501007
0.35075855255126953
0.33768659830093384
0.3690902292728424
0.37090805172920227
0.32848283648490906
0.34000417590141296
0.30654120445251465
0.37810876965522766
0.3100130259990692
0.3092716634273529
0.3413543403148651
0.29339295625686646
0.3614937961101532
0.3554552495479584
0.38033968210220337
0.3334011733531952
0.33427539467811584
0.3702278435230255
0.3339226543903351
0.318077027797699
0.3614940047264099
0.3148438036441803
0.33225297927856445
0.29854944348335266
0.3520142734050751
0.3368183672428131
0.3207072913646698
0.38937613368034363
0.37676694989204407
0.35281985998153687
0.3338318169116974
0.35034438967704773
0.31262126564979553
0.34596118330955505
0.30050209164619446
0.3691280484199524
0.3469831049442291
0.34832873940467834
0.2951453626155853
0.3608381152153015
0.36667537689208984
0.3193581998348236
0.37429407238960266
0.38464054465293884
0.3718317449092865
0.35562679171562195
0.337420791387558
0.3111148178577423
0.3176928162574768
0.388216495513916
0.35554996132850647
0.31978049874305725
0.2924339473247528
0.308223694562912
0.36630845069885254
0.341799259185791
0.3413293659687042
0.37046152353286743
0.33044004440307617
0.293125718832016
0.37304845452308655
0.3030916750431061
0.29957103729248047
0.3286367952823639
0.30084845423698425
0.3331086337566376
0.3518824577331543
0.333877295255661
0.32303696870803833
0.36058446764945984
0.2984849512577057
0.3480853736400604
0.3557002544403076
0.30432143807411194
0.36099568009376526
0.3493155837059021
0.33689919114112854
0.3736911714076996
0.34458765387535095
0.31666073203086853
0.34614965319633484
0.3260961174964905
0.39376136660575867
0.3147597908973694
0.3036181926727295
0.3653411567211151
0.32448288798332214
0.3663170337677002
0.3723624646663666
0.3078320324420929
0.3533926010131836
0.3328569829463959
0.3200327754020691
0.35124701261520386
0.323228120803833
0.3269786834716797
0.3354772925376892
0.32501131296157837
0.29327231645584106
0.33190321922302246
0.31429460644721985
0.3404861092567444
0.33198055624961853
0.2909453213214874
0.37316909432411194
0.33660611510276794
0.3601023852825165
0.36100026965141296
0.35211852192878723
0.32829156517982483
0.29729151725769043
0.34519192576408386
0.37154421210289
0.306795209646225
0.3208765685558319
0.3420711159706116
0.3396429121494293
0.3445320725440979
0.3518814444541931
0.3466440737247467
0.30873504281044006
0.3895986080169678
0.32968685030937195
0.3272201716899872
0.3276345133781433
0.3495134711265564
0.34636640548706055
0.32879799604415894
0.36394456028938293
0.347211092710495
0.3757251799106598
0.2967197000980377
0.3365383446216583
0.33298683166503906
0.3769800066947937
0.3713972866535187
0.33250877261161804
0.3808560371398926
0.33699360489845276
0.35509321093559265
0.344144344329834
0.3530813157558441
0.3220451772212982
0.33700767159461975
0.3434845507144928
0.3193840980529785
0.33649614453315735
0.3324492871761322
0.3592143952846527
0.3307107985019684
0.3755466938018799
0.361579954624176
0.33043649792671204
0.37075260281562805
0.33809995651245117
0.3329481780529022
0.3387152850627899
0.34999945759773254
0.367047518491745
0.3341193199157715
0.3024575412273407
0.2790224850177765
0.3646116852760315
0.38767847418785095
0.32039356231689453
0.33523035049438477
0.36705565452575684
0.37623468041419983
0.32110676169395447
0.31813234090805054
0.33958038687705994
0.3311035931110382
0.3707316815853119
0.3312988877296448
0.3341008126735687
0.34687185287475586
0.25921180844306946
0.36110931634902954
0.2889910340309143
0.34513744711875916
0.3463081419467926
0.35870882868766785
0.36109277606010437
0.3656390607357025
0.3517843782901764
0.34882038831710815
0.30576974153518677
0.3104805648326874
0.33679595589637756
0.3310871124267578
0.3057067096233368
0.32889413833618164
0.3497214913368225
0.34824302792549133
0.3726206421852112
0.36042577028274536
0.3207235038280487
0.3193589746952057
0.3084830641746521
0.324402391910553
0.3707605004310608
0.2961568534374237
0.31776776909828186
0.3606419563293457
0.3023819625377655
0.34414151310920715
0.2830105423927307
0.323407918214798
0.350786417722702
0.33172544836997986
0.2716667354106903
0.36396169662475586
0.3203139305114746
0.3046810030937195
0.3585241138935089
0.336773544549942
0.3693126142024994
0.3450625538825989
0.33838939666748047
0.35149508714675903
0.35723012685775757
0.3043040931224823
0.32902076840400696
0.34399741888046265
0.34713298082351685
0.34657320380210876
0.3628198802471161
0.40450602769851685
0.3596486747264862
0.34013059735298157
0.3314093053340912
0.3043627142906189
0.37465667724609375
0.33600422739982605
0.36680641770362854
0.34755629301071167
0.37804266810417175
0.34330418705940247
0.33429425954818726
0.3224210739135742
0.3258137106895447
0.3643515706062317
0.3431260883808136
0.3278305232524872
0.33094051480293274
0.3107973635196686
0.31145986914634705
0.3491065502166748
0.382354736328125
0.35882607102394104
0.3135010302066803
0.35599297285079956
0.3152572810649872
0.3309013545513153
0.393537312746048
0.33791178464889526
0.33102232217788696
0.3185591697692871
0.34836190938949585
0.3691478371620178
0.3244762420654297
0.3307796120643616
0.36264222860336304
0.3357357978820801
0.34987810254096985
0.3058004379272461
0.3305862247943878
0.3448300361633301
0.30829572677612305
0.3215305805206299
0.32902878522872925
0.3819909691810608
0.322526752948761
0.32109785079956055
0.32113340497016907
0.30479851365089417
0.37427136301994324
0.3404168486595154
0.31710076332092285
0.3203618824481964
0.3480953574180603
0.3291911780834198
0.33738046884536743
0.36761370301246643
0.3063252866268158
0.3211894631385803
0.34777969121932983
0.30628684163093567
0.4528600871562958
0.355172336101532
0.3240298628807068
0.33241111040115356
0.34276172518730164
0.3226512372493744
0.341135174036026
0.3202325999736786
0.33717843890190125
0.3562110364437103
0.32999786734580994
0.33528733253479004
0.3357224762439728
0.3376118838787079
0.36796456575393677
0.3320308327674866
0.327099472284317
0.31850072741508484
0.3969462215900421
0.3038119375705719
0.340484619140625
0.2721651494503021
0.33486413955688477
0.3007495701313019
0.3554210662841797
0.2963044345378876
0.3274710476398468
0.32471609115600586
0.34461164474487305
0.30730798840522766
0.3668033182621002
0.34499862790107727
0.35602840781211853
0.3777720332145691
0.3085649311542511
0.3015928268432617
0.3166618347167969
0.34070876240730286
0.35155922174453735
0.3508013188838959
0.3136964738368988
0.3395780920982361
0.31910938024520874
0.30109935998916626
0.3525705933570862
0.37651512026786804
0.3344399929046631
0.3638704717159271
0.35518234968185425
0.3353172838687897
0.3566150665283203
0.3631742298603058
0.3108809292316437
0.3250368535518646
0.3214232921600342
0.33088213205337524
0.3187796473503113
0.32889437675476074
0.3588140308856964
0.348054975271225
0.337616890668869
0.35590818524360657
0.3681923747062683
0.3429897725582123
0.36611583828926086
0.3333187699317932
0.3682272732257843
0.3120577037334442
0.3446648418903351
0.3126083016395569
0.35296139121055603
0.37511783838272095
0.3603425621986389
0.3316769003868103
0.3490460515022278
0.35255903005599976
0.32978397607803345
0.32392188906669617
0.39856335520744324
0.34848275780677795
0.3370358943939209
0.40137481689453125
0.3123743534088135
0.3192581832408905
0.3412417769432068
0.3083593547344208
0.31732887029647827
0.38068193197250366
0.34897279739379883
0.38791272044181824
0.3705984652042389
0.3703959584236145
0.34025853872299194
0.30209630727767944
0.319248229265213
0.3350243866443634
0.37771135568618774
0.34324008226394653
0.31599992513656616
0.3188791275024414
0.3313174247741699
0.3808833062648773
0.34167999029159546
0.3386579155921936
0.31527847051620483
0.29483991861343384
0.34409841895103455
0.3065907657146454
0.37418511509895325
0.3503384590148926
0.33861449360847473
0.31518465280532837
0.33797183632850647
0.3269345462322235
0.34116077423095703
0.34261974692344666
0.3339759409427643
0.3302040696144104
0.31201156973838806
0.30987104773521423
0.35553407669067383
0.34066325426101685
0.3460295498371124
0.29665908217430115
0.3658599257469177
0.4174205958843231
0.2679063677787781
0.3307853043079376
0.34664979577064514
0.30887487530708313
0.3169021010398865
0.3299776613712311
0.33410143852233887
0.3541937470436096
0.29494184255599976
0.3497578799724579
0.3224467635154724
0.32874059677124023
0.37770336866378784
0.31829550862312317
0.3409145772457123
0.31826090812683105
0.3404507339000702
0.33529868721961975
0.31270021200180054
0.39023834466934204
0.35028156638145447
0.34455665946006775
0.2992546856403351
0.34764721989631653
0.3307549059391022
0.30647724866867065
0.36297228932380676
0.3874370753765106
0.32222864031791687
0.33123698830604553
0.3723521828651428
0.3177678883075714
0.31033000349998474
0.3378555178642273
0.36177846789360046
0.349298894405365
0.30365732312202454
0.3268420398235321
0.33114975690841675
0.3065560758113861
0.3192776143550873
0.3326217532157898
0.3159438669681549
0.3462062478065491
0.35764071345329285
0.3650045096874237
0.3075420558452606
0.389435350894928
0.3665785789489746
0.3439599573612213
0.3258047103881836
0.3266628384590149
0.3449976146221161
0.3372806906700134
0.32744908332824707
0.3105192184448242
0.3663865625858307
0.3036467134952545
0.34694725275039673
0.3255919814109802
0.30847784876823425
0.38275715708732605
0.32760366797447205
0.305498331785202
0.3021441102027893
0.3404345214366913
0.3511223793029785
0.2875727117061615
0.3343653380870819
0.31990915536880493
0.3616264760494232
0.3314749300479889
0.3378041684627533
0.314443975687027
0.3016635477542877
0.3501412570476532
0.338407427072525
0.33913454413414
0.33337464928627014
0.3112347424030304
0.32045942544937134
0.33161988854408264
0.3254925310611725
0.3095579147338867
0.3306744396686554
0.3351573646068573
0.33935290575027466
0.36678770184516907
0.3704167306423187
0.3309790790081024
0.32515206933021545
0.3968030512332916
0.2903483808040619
0.26484912633895874
0.30610132217407227
0.2833091616630554
0.3319682478904724
0.3552432954311371
0.3798051178455353
0.34332484006881714
0.3468443751335144
0.34745144844055176
0.2703811228275299
0.3437974154949188
0.3756565451622009
0.3320520222187042
0.2873039245605469
0.33812427520751953
0.32912927865982056
0.32477957010269165
0.34479308128356934
0.37135839462280273
0.3242916464805603
0.33037975430488586
0.3630482256412506
0.3417717516422272
0.33144065737724304
0.366320937871933
0.34848394989967346
0.3096371591091156
0.3551492691040039
0.31980738043785095
0.34249600768089294
0.3525332808494568
0.33748260140419006
0.331108033657074
0.35730329155921936
0.2950509488582611
0.33167797327041626
0.297866553068161
0.30925703048706055
0.32047727704048157
0.3027975261211395
0.3492576777935028
0.3218444883823395
0.37320032715797424
0.30774590373039246
0.34999045729637146
0.3282441794872284
0.3205955922603607
0.3511717617511749
0.3303210437297821
0.32535749673843384
0.3200242221355438
0.33574119210243225
0.35371705889701843
0.3286738991737366
0.3344516158103943
0.3311735689640045
0.35093966126441956
0.2928530275821686
0.34438633918762207
0.35108327865600586
0.32959508895874023
0.33121776580810547
0.332278311252594
0.3027455508708954
0.2784842848777771
0.3685886561870575
0.3275565803050995
0.3346538543701172
0.3384585976600647
0.37054377794265747
0.3002457320690155
0.30367109179496765
0.3542804419994354
0.2974543571472168
0.34078294038772583
0.3405933976173401
0.3647068440914154
0.3772173523902893
0.369035929441452
0.3408370316028595
0.34916380047798157
0.3428538143634796
0.33740392327308655
0.37334510684013367
0.29328659176826477
0.32000377774238586
0.36226344108581543
0.3316417336463928
0.32462072372436523
0.34681957960128784
0.39127153158187866
0.32272011041641235
0.3256589472293854
0.29703599214553833
0.33094337582588196
0.34984317421913147
0.30083635449409485
0.3499787747859955
0.3448805510997772
0.28791362047195435
0.3378632962703705
0.3264307379722595
0.35627904534339905
0.31643661856651306
0.31466788053512573
0.28586503863334656
0.307865709066391
0.30367401242256165
0.30815252661705017
0.39095571637153625
0.32672807574272156
0.3250139653682709
0.3773515522480011
0.3785295784473419
0.3365554213523865
0.3234770596027374
0.354354590177536
0.3538423180580139
0.3718028664588928
0.3156980872154236
0.33344322443008423
0.3090037703514099
0.33565640449523926
0.29737934470176697
0.3586432635784149
0.30628150701522827
0.3070829510688782
0.3516858220100403
0.35141393542289734
0.31928637623786926
0.32363420724868774
0.3643580377101898
0.3629501461982727
0.3001241683959961
0.3597281873226166
0.31941285729408264
0.3060533106327057
0.33922079205513
0.32943835854530334
0.3689141273498535
0.31247130036354065
0.34716442227363586
0.355205774307251
0.32353267073631287
0.3276119828224182
0.34082865715026855
0.3638128638267517
0.36715036630630493
0.32822278141975403
0.3083043694496155
0.3061797320842743
0.36416077613830566
0.3358318507671356
0.3398888409137726
0.3404041826725006
0.35362210869789124
0.3501892387866974
0.2889055609703064
0.36231210827827454
0.3763614594936371
0.343323677778244
0.31374236941337585
0.34519311785697937
0.3603160083293915
0.334811270236969
0.33014610409736633
0.33174630999565125
0.3270726501941681
0.3674190938472748
0.3025757968425751
0.31232839822769165
0.3204905390739441
0.33696314692497253
0.34222206473350525
0.3423251509666443
0.3589959740638733
0.3512868881225586
0.345941960811615
0.31685805320739746
0.37734103202819824
0.34782734513282776
0.3241274952888489
0.308321088552475
0.32174989581108093
0.29415634274482727
0.30686312913894653
0.3172348141670227
0.35642045736312866
0.3765498101711273
0.3262372314929962
0.33661770820617676
0.3253694176673889
0.3136787414550781
0.3431548476219177
0.3673275113105774
0.38524481654167175
0.34223681688308716
0.33666959404945374
0.352115660905838
0.34859704971313477
0.3654661178588867
0.28930383920669556
0.33372336626052856
0.32853081822395325
0.35001513361930847
0.3634718060493469
0.3129509389400482
0.3823830783367157
0.30027928948402405
0.3328931927680969
0.31216830015182495
0.31792402267456055
0.3419151306152344
0.3577442765235901
0.33686116337776184
0.3348611295223236
0.31896859407424927
0.31591373682022095
0.29296502470970154
0.3508743643760681
0.3153471350669861
0.302046000957489
0.31763309240341187
0.34798702597618103
0.35245341062545776
0.326498806476593
0.320298969745636
0.33234575390815735
0.3229452073574066
0.315231055021286
0.3308935761451721
0.3369613587856293
0.358172744512558
0.304513156414032
0.3679347038269043
0.346008837223053
0.297224223613739
0.3460565209388733
0.31875520944595337
0.321547269821167
0.3243027627468109
0.3265395760536194
0.3260384202003479
0.2949160039424896
0.3455556333065033
0.3522503674030304
0.367401123046875
0.34801143407821655
0.33340469002723694
0.3234626352787018
0.3887613117694855
0.34440919756889343
0.3597165048122406
0.35143300890922546
0.3192189633846283
0.34112098813056946
0.32675522565841675
0.3256981670856476
0.32330814003944397
0.3516469895839691
0.32639575004577637
0.35621190071105957
0.38205233216285706
0.30275899171829224
0.34056714177131653
0.34124699234962463
0.3060644268989563
0.29668575525283813
0.287712961435318
0.3343571126461029
0.3017299473285675
0.36790433526039124
0.4027790427207947
0.3478211760520935
0.3038458824157715
0.3439302444458008
0.28988099098205566
0.29484623670578003
0.35985836386680603
0.31509971618652344
0.3234403729438782
0.31340906023979187
0.3626619875431061
0.29413557052612305
0.29585832357406616
0.39685818552970886
0.41649046540260315
0.32515376806259155
0.31258624792099
0.35274967551231384
0.3271031379699707
0.3013869822025299
0.3300531804561615
0.33125394582748413
0.3004229962825775
0.32423290610313416
0.3160542845726013
0.322889119386673
0.3294437527656555
0.32944992184638977
0.33720335364341736
0.3497679531574249
0.34392595291137695
0.3162629306316376
0.285815566778183
0.2959350049495697
0.32876697182655334
0.34799280762672424
0.3337664008140564
0.29790687561035156
0.3586347699165344
0.3029332756996155
0.3286701738834381
0.34240156412124634
0.31986016035079956
0.33656010031700134
0.37659046053886414
0.3255153000354767
0.31757852435112
0.34538954496383667
0.33818307518959045
0.32921066880226135
0.3407107889652252
0.3608427941799164
0.3809027075767517
0.3665315806865692
0.3518969714641571
0.3107817769050598
0.32689687609672546
0.3202252984046936
0.3407025635242462
0.34839731454849243
0.3180122971534729
0.35956114530563354
0.33858320116996765
0.32409048080444336
0.33170321583747864
0.3595426380634308
0.32913658022880554
0.35306474566459656
0.34727850556373596
0.33978304266929626
0.294461190700531
0.33114320039749146
0.37250956892967224
0.32111433148384094
0.3126263916492462
0.28840118646621704
0.3599556088447571
0.3289809823036194
0.37398871779441833
0.32904672622680664
0.37671589851379395
0.35177770256996155
0.35585159063339233
0.332356721162796
0.35997888445854187
0.3253929316997528
0.3156619369983673
0.3492426872253418
0.33444467186927795
0.3427564799785614
0.3399154841899872
0.3700732886791229
0.37035730481147766
0.31005239486694336
0.3102476894855499
0.32607460021972656
0.36836761236190796
0.3373487591743469
0.34301260113716125
0.3445822596549988
0.34790951013565063
0.34489870071411133
0.31569066643714905
0.31371599435806274
0.3092201054096222
0.3292967975139618
0.3602571189403534
0.34047725796699524
0.3671892285346985
0.33573755621910095
0.34627604484558105
0.3650238513946533
0.31803974509239197
0.32983875274658203
0.3701671063899994
0.3341449797153473
0.29206451773643494
0.3316722810268402
0.35877466201782227
0.3435385823249817
0.3548319637775421
0.3285762369632721
0.2871566414833069
0.3517349362373352
0.3486625850200653
0.29615285992622375
0.30607083439826965
0.34393787384033203
0.3451034426689148
0.36694321036338806
0.34181341528892517
0.35091233253479004
0.33808812499046326
0.3328033983707428
0.34845873713493347
0.33598563075065613
0.3357594907283783
0.3356229364871979
0.35301607847213745
0.3639146685600281
0.33785226941108704
0.3408026695251465
0.31808045506477356
0.335944801568985
0.3151986598968506
0.3070516586303711
0.32801303267478943
0.3487108647823334
0.33508068323135376
0.34757617115974426
0.34183040261268616
0.30223575234413147
0.2873978614807129
0.3523704707622528
0.35900506377220154
0.3521583378314972
0.3732239305973053
0.3558218777179718
0.3608943521976471
0.35835275053977966
0.31641724705696106
0.3438863158226013
0.33666926622390747
0.30733293294906616
0.3067266345024109
0.32427993416786194
0.30335092544555664
0.3488820195198059
0.3626275658607483
0.3627512753009796
0.3831075131893158
0.3517252504825592
0.32055267691612244
0.3119010925292969
0.36576610803604126
0.3619750440120697
0.33997759222984314
0.36070749163627625
0.377690851688385
0.3730684220790863
0.3285221457481384
0.32533523440361023
0.2826032042503357
0.3592448830604553
0.3862777352333069
0.33155980706214905
0.31737470626831055
0.3236387073993683
0.3570311963558197
0.33483368158340454
0.31869131326675415
0.3321533799171448
0.37323012948036194
0.31218621134757996
0.2813936173915863
0.3243105411529541
0.3087077736854553
0.36739209294319153
0.31846264004707336
0.35098695755004883
0.31849950551986694
0.3425942063331604
0.3631615936756134
0.3635489046573639
0.35479870438575745
0.2997696101665497
0.3019382655620575
0.3074707090854645
0.3810052275657654
0.32429251074790955
0.3543259799480438
0.3345232605934143
0.36112573742866516
0.2989356815814972
0.33412450551986694
0.28793516755104065
0.3181582987308502
0.36470720171928406
0.2980775833129883
0.34738850593566895
0.34525999426841736
0.3338441848754883
0.33773064613342285
0.3213490843772888
0.36439260840415955
0.3331312835216522
0.34648823738098145
0.31884437799453735
0.38846471905708313
0.28528982400894165
0.3489028513431549
0.2902502715587616
0.33979421854019165
0.3298843801021576
0.34794697165489197
0.27555128931999207
0.3380489945411682
0.3521849513053894
0.31935936212539673
0.2829398214817047
0.2979453504085541
0.34350496530532837
0.327928751707077
0.34499701857566833
0.31017449498176575
0.3218846321105957
0.30493679642677307
0.3372669219970703
0.3526892066001892
0.39085641503334045
0.3466031551361084
0.3087487816810608
0.34356045722961426
0.36627382040023804
0.31654271483421326
0.30012747645378113
0.3333885967731476
0.3399241864681244
0.34262195229530334
0.36455774307250977
0.3370343744754791
0.3193548023700714
0.32689210772514343
0.3551461398601532
0.2957243323326111
0.30429285764694214
0.334704726934433
0.31265443563461304
0.36913055181503296
0.29724135994911194
0.294750839471817
0.3397209346294403
0.3177759349346161
0.3061739504337311
0.32878583669662476
0.3496253788471222
0.34131211042404175
0.3364127278327942
0.28269827365875244
0.36368581652641296
0.37105849385261536
0.3312452733516693
0.35809120535850525
0.33859729766845703
0.314094603061676
0.34806862473487854
0.3139694631099701
0.3900964558124542
0.3160058557987213
0.3399534821510315
0.3564957082271576
0.3413950502872467
0.37664327025413513
0.38538479804992676
0.33768028020858765
0.3044631779193878
0.32499727606773376
0.3320045471191406
0.3251989185810089
0.3353276252746582
0.3210184872150421
0.33818480372428894
0.33507975935935974
0.32146787643432617
0.29236292839050293
0.33657294511795044
0.39316752552986145
0.3363727033138275
0.30412641167640686
0.29085350036621094
0.338443785905838
0.3171427547931671
0.3424670994281769
0.3435400426387787
0.31432968378067017
0.2958040237426758
0.3869307041168213
0.2900266647338867
0.3920268416404724
0.30639535188674927
0.32592085003852844
0.3174463212490082
0.31450992822647095
0.340497761964798
0.3703990876674652
0.2995607554912567
0.33181098103523254
0.3514263927936554
0.31066417694091797
0.3156694769859314
0.3524114787578583
0.3527410924434662
0.30407166481018066
0.3182814419269562
0.34260621666908264
0.30047670006752014
0.33170148730278015
0.32003214955329895
0.3255491852760315
0.334459513425827
0.3321785032749176
0.297517329454422
0.3423764705657959
0.32469385862350464
0.3538331985473633
0.2762439250946045
0.33564212918281555
0.33726173639297485
0.31545621156692505
0.2955285608768463
0.3592930734157562
0.3385714888572693
0.3204408288002014
0.3534911274909973
0.36432865262031555
0.31806495785713196
0.3304525315761566
0.30605751276016235
0.36293619871139526
0.33666571974754333
0.33781781792640686
0.3128233850002289
0.3387414515018463
0.34492477774620056
0.2912432849407196
0.320790559053421
0.38909465074539185
0.33321332931518555
0.2811811566352844
0.3548140525817871
0.30201488733291626
0.31339719891548157
0.38376182317733765
0.3506161570549011
0.3438621461391449
0.298698365688324
0.38955873250961304
0.37461695075035095
0.34204724431037903
0.3104431927204132
0.3121435344219208
0.3024124503135681
0.3327118456363678
0.34901443123817444
0.3307848572731018
0.3349039554595947
0.3555662930011749
0.3258545994758606
0.3346638083457947
0.30482789874076843
0.3416038155555725
0.3748232424259186
0.34699559211730957
0.35384804010391235
0.3362204134464264
0.3220509886741638
0.34460726380348206
0.32462528347969055
0.317804753780365
0.32211217284202576
0.34054380655288696
0.33488911390304565
0.3152224123477936
0.30461373925209045
0.3684806823730469
0.3088921010494232
0.3439229428768158
0.33468976616859436
0.33630701899528503
0.2973484992980957
0.35149380564689636
0.3281600773334503
0.3521115779876709
0.3591036796569824
0.35476571321487427
0.34709879755973816
0.32791757583618164
0.3575165271759033
0.31986433267593384
0.29703569412231445
0.3216499388217926
0.34591221809387207
0.3284529745578766
0.27922704815864563
0.33167126774787903
0.31808069348335266
0.3716670870780945
0.365818053483963
0.29665082693099976
0.3515186309814453
0.3211223781108856
0.2935464084148407
0.3371603488922119
0.3304915726184845
0.3471711575984955
0.3889187276363373
0.3363650143146515
0.3557300865650177
0.3196618854999542
0.31748539209365845
0.3656245768070221
0.3065702021121979
0.36927667260169983
0.3683306872844696
0.3415546715259552
0.2998143136501312
0.3113577663898468
0.33125701546669006
0.38762742280960083
0.32404613494873047
0.3026939034461975
0.3157925009727478
0.3572353720664978
0.31266912817955017
0.3227691352367401
0.3325127065181732
0.3248344361782074
0.31204482913017273
0.3671620190143585
0.34923553466796875
0.29668667912483215
0.29260963201522827
0.36802658438682556
0.3607451617717743
0.33235660195350647
0.34197932481765747
0.311781108379364
0.3038722574710846
0.3322127163410187
0.32326003909111023
0.3073814809322357
0.2636367678642273
0.3685460090637207
0.3214384615421295
0.32204848527908325
0.3763089179992676
0.32345056533813477
0.3022214472293854
0.32597020268440247
0.3007853925228119
0.3592768609523773
0.33261528611183167
0.33966299891471863
0.3422248661518097
0.30619338154792786
0.326323539018631
0.3334866464138031
0.3015039265155792
0.33486220240592957
0.3449787497520447
0.37379100918769836
0.33273395895957947
0.3195025622844696
0.35196107625961304
0.34146562218666077
0.31313833594322205
0.3155047595500946
0.3399777114391327
0.32479992508888245
0.33702701330184937
0.3893623948097229
0.3442630171775818
0.30285605788230896
0.3454180359840393
0.3422907292842865
0.26815369725227356
0.31513601541519165
0.3311919569969177
0.3508131206035614
0.31019851565361023
0.28371402621269226
0.3522263467311859
0.2958524823188782
0.3226787745952606
0.3127756714820862
0.3504743278026581
0.34427690505981445
0.33090800046920776
0.353274405002594
0.33492058515548706
0.3309357464313507
0.33131954073905945
0.3281250596046448
0.30764880776405334
0.31912761926651
0.35996749997138977
0.335636168718338
0.3155052363872528
0.33604809641838074
0.3243626058101654
0.287274569272995
0.34843602776527405
0.33612844347953796
0.29973283410072327
0.32351937890052795
0.3272973895072937
0.34830617904663086
0.3358299434185028
0.29002001881599426
0.31221500039100647
0.33519452810287476
0.2866358757019043
0.3894175589084625
0.3524412512779236
0.3242780864238739
0.3265654742717743
0.33464959263801575
0.32970061898231506
0.32753556966781616
0.31209588050842285
0.3156164586544037
0.31673428416252136
0.29987260699272156
0.3043643534183502
0.3337986171245575
0.37649473547935486
0.3039812445640564
0.3040786385536194
0.36772504448890686
0.2939370274543762
0.3208882808685303
0.32097354531288147
0.3425692915916443
0.31686195731163025
0.3328254520893097
0.2949714958667755
0.3018605411052704
0.3725569546222687
0.3286786377429962
0.3488723337650299
0.3246038854122162
0.3145003318786621
0.32824113965034485
0.3167339861392975
0.31988459825515747
0.33803895115852356
0.31983503699302673
0.30304035544395447
0.3272240459918976
0.37222322821617126
0.30208659172058105
0.32345908880233765
0.31112924218177795
0.402140349149704
0.3657722473144531
0.3110041916370392
0.30708685517311096
0.3369317948818207
0.3221087157726288
0.35817116498947144
0.3200002610683441
0.3545915484428406
0.3309132158756256
0.3466911315917969
0.34154748916625977
0.3190346360206604
0.3169359266757965
0.33643898367881775
0.3549974858760834
0.37037038803100586
0.3302339017391205
0.34008097648620605
0.338514119386673
0.31605011224746704
0.3530738651752472
0.3135867416858673
0.35771602392196655
0.31800809502601624
0.2802696228027344
0.3279854655265808
0.31696799397468567
0.2886379063129425
0.29670628905296326
0.37931862473487854
0.3585420250892639
0.3472411334514618
0.33321836590766907
0.2937684655189514
0.3745679557323456
0.34600257873535156
0.36606910824775696
0.32306694984436035
0.34578514099121094
0.3008047938346863
0.2999188005924225
0.3642575442790985
0.3122049868106842
0.3561084568500519
0.3677918016910553
0.3618989586830139
0.3234800696372986
0.3352780342102051
0.33336809277534485
0.33322110772132874
0.3550986349582672
0.35372018814086914
0.3020869195461273
0.3517555594444275
0.32208117842674255
0.3454730212688446
0.33568015694618225
0.3392627537250519
0.3197769224643707
0.36152175068855286
0.3513142466545105
0.359853059053421
0.34699541330337524
0.3482191860675812
0.32308170199394226
0.37350013852119446
0.3422974646091461
0.3305569291114807
0.33413198590278625
0.286081463098526
0.3682534992694855
0.33041128516197205
0.3567230999469757
0.3439619243144989
0.3145991265773773
0.3576480448246002
0.33954042196273804
0.35533133149147034
0.3074738681316376
0.36958712339401245
0.2862522304058075
0.33692726492881775
0.3597254753112793
0.34804967045783997
0.34205707907676697
0.34345483779907227
0.3174118399620056
0.35443300008773804
0.31110885739326477
0.34169602394104004
0.35622987151145935
0.3082476556301117
0.3776954114437103
0.32432690262794495
0.33186155557632446
0.3281156122684479
0.32659071683883667
0.33426809310913086
0.38660866022109985
0.33710145950317383
0.3779869079589844
0.35480138659477234
0.36616435647010803
0.3688211739063263
0.3443959057331085
0.33003658056259155
0.34829023480415344
0.3295331299304962
0.35008367896080017
0.33721408247947693
0.35448408126831055
0.35353484749794006
0.2952074408531189
0.26284775137901306
0.3207496702671051
0.3001857101917267
0.3935089707374573
0.3069606423377991
0.3097958266735077
0.33323773741722107
0.34543249011039734
0.33388176560401917
0.2667703926563263
0.3346031606197357
0.30836397409439087
0.30743053555488586
0.3224410116672516
0.28647473454475403
0.30936139822006226
0.36285701394081116
0.36241891980171204
0.36005035042762756
0.38201645016670227
0.31436294317245483
0.3418213427066803
0.3338305652141571
0.360993891954422
0.3494226038455963
0.3148038685321808
0.32096555829048157
0.3314344584941864
0.3409495949745178
0.3350702226161957
0.30845895409584045
0.34396329522132874
0.3420286774635315
0.32381585240364075
0.36108627915382385
0.3266141712665558
0.3475995659828186
0.3674166202545166
0.3102777302265167
0.3297835886478424
0.3024490773677826
0.3123254179954529
0.3322794735431671
0.34629127383232117
0.35886064171791077
0.28043779730796814
0.33550551533699036
0.3221031725406647
0.3475981056690216
0.33483749628067017
0.3547399044036865
0.29977068305015564
0.31795528531074524
0.2990199625492096
0.307546466588974
0.34073546528816223
0.3703914284706116
0.3496725559234619
0.3533102571964264
0.3095013499259949
0.32189565896987915
0.3238440454006195
0.3214723765850067
0.30560287833213806
0.36949095129966736
0.3528920114040375
0.36934995651245117
0.3671385943889618
0.38480648398399353
0.299694687128067
0.33664801716804504
0.3485817015171051
0.33006781339645386
0.3405434191226959
0.33524757623672485
0.3116545081138611
0.33707380294799805
0.2902514338493347
0.34508079290390015
0.32900509238243103
0.34961435198783875
0.31766584515571594
0.3100613057613373
0.3058754801750183
0.35886645317077637
0.32062920928001404
0.3237558901309967
0.3477758765220642
0.3464963138103485
0.3851272761821747
0.3586750626564026
0.3539193272590637
0.3127051293849945
0.3056769073009491
0.3121044337749481
0.31044700741767883
0.3109687268733978
0.34268876910209656
0.3022163212299347
0.3211587369441986
0.36425408720970154
0.3253996968269348
0.30511730909347534
0.3035730719566345
0.31933239102363586
0.3485340178012848
0.25516825914382935
0.338134765625
0.35590559244155884
0.3494120240211487
0.30985933542251587
0.30060237646102905
0.2911185622215271
0.3492172062397003
0.3332292437553406
0.38815465569496155
0.33789947628974915
0.30470824241638184
0.3770906627178192
0.31577935814857483
0.35284730792045593
0.3348066806793213
0.3327640891075134
0.3089803159236908
0.3605688512325287
0.35334429144859314
0.3013682961463928
0.32094234228134155
0.35991641879081726
0.360911101102829
0.3169458210468292
0.34650447964668274
0.3401194214820862
0.35684558749198914
0.3371683657169342
0.3259947597980499
0.32168442010879517
0.3275858461856842
0.32616209983825684
0.3353618085384369
0.33551523089408875
0.3203774094581604
0.3152734935283661
0.32975679636001587
0.3555232584476471
0.38850823044776917
0.35529953241348267
0.2695816457271576
0.3498317301273346
0.2845989763736725
0.32677653431892395
0.32630613446235657
0.32592180371284485
0.3122096359729767
0.28419768810272217
0.33003702759742737
0.31402045488357544
0.3469017446041107
0.2979181110858917
0.29097646474838257
0.3563702404499054
0.3669930398464203
0.3650955259799957
0.361196368932724
0.31702694296836853
0.3414367139339447
0.33286863565444946
0.31561681628227234
0.35185733437538147
0.3003045916557312
0.30715471506118774
0.2953200340270996
0.3154434561729431
0.31062766909599304
0.34577831625938416
0.3288969099521637
0.3194093406200409
0.30464527010917664
0.2848817706108093
0.3433399796485901
0.34644871950149536
0.3650936782360077
0.3510388433933258
0.31477171182632446
0.3425690531730652
0.32530349493026733
0.31704989075660706
0.3005959391593933
0.3601331114768982
0.37757593393325806
0.3337474465370178
0.3592531085014343
0.33770015835762024
0.3742450177669525
0.36227941513061523
0.3586893081665039
0.35148027539253235
0.28728336095809937
0.2850762903690338
0.32783007621765137
0.32956793904304504
0.3439655303955078
0.305714875459671
0.35568591952323914
0.31143003702163696
0.37565523386001587
0.3297438621520996
0.31905245780944824
0.3365897536277771
0.32864126563072205
0.3546580672264099
0.34168198704719543
0.33453598618507385
0.29777511954307556
0.302861750125885
0.2995379865169525
0.33527570962905884
0.3271541893482208
0.3399357199668884
0.3577817380428314
0.3126945495605469
0.31208863854408264
0.3057674467563629
0.356332927942276
0.32515329122543335
0.3520769476890564
0.31773239374160767
0.3749546408653259
0.30192798376083374
0.3560676574707031
0.30184462666511536
0.3250967562198639
0.299461305141449
0.3133203983306885
0.298492968082428
0.3175507187843323
0.30049318075180054
0.334365576505661
0.36438220739364624
0.3811047375202179
0.28844112157821655
0.27593013644218445
0.34209612011909485
0.3386785686016083
0.3481391966342926
0.2916947901248932
0.2966863214969635
0.3656068742275238
0.3144083023071289
0.2891891896724701
0.2833647131919861
0.3533296585083008
0.3644067943096161
0.2689397931098938
0.3370225727558136
0.32918938994407654
0.36519673466682434
0.3221931457519531
0.3142436146736145
0.3113967478275299
0.35040783882141113
0.34126585721969604
0.2995743155479431
0.33779436349868774
0.34299740195274353
0.3152095377445221
0.3433099687099457
0.29359006881713867
0.3126823604106903
0.3028441369533539
0.3153166174888611
0.3588598072528839
0.30687612295150757
0.37729912996292114
0.30823761224746704
0.32647982239723206
0.34452804923057556
0.32037848234176636
0.33979102969169617
0.30106279253959656
0.33495205640792847
0.3074212074279785
0.3014327585697174
0.34523969888687134
0.3129086494445801
0.33822211623191833
0.31137701869010925
0.3229731023311615
0.3159768879413605
0.3487885892391205
0.3498428165912628
0.3517208397388458
0.3669590950012207
0.3393845558166504
0.3362651467323303
0.30396410822868347
0.3270898461341858
0.3399326205253601
0.33362704515457153
0.34463658928871155
0.3331003189086914
0.3108437657356262
0.34988895058631897
0.33467748761177063
0.3023240268230438
0.33110901713371277
0.3528458774089813
0.33365726470947266
0.33538195490837097
0.30700621008872986
0.347948282957077
0.3285142481327057
0.3402363359928131
0.2831335663795471
0.29872772097587585
0.2978644073009491
0.2659129202365875
0.2913059592247009
0.3296913504600525
0.3695470690727234
0.3330116271972656
0.32601574063301086
0.28866085410118103
0.3104860484600067
0.32006576657295227
0.3373728096485138
0.339201420545578
0.36153891682624817
0.40098851919174194
0.38035088777542114
0.30925852060317993
0.3986718952655792
0.3230513036251068
0.36872243881225586
0.35015782713890076
0.3389432728290558
0.336842805147171
0.37482357025146484
0.3161582350730896
0.32935830950737
0.3173275887966156
0.38081094622612
0.3689463436603546
0.33297857642173767
0.3143066465854645
0.3430249094963074
0.33789750933647156
0.34988874197006226
0.3079909682273865
0.34341922402381897
0.3222699761390686
0.31966978311538696
0.32789596915245056
0.3116021156311035
0.34291404485702515
0.310059130191803
0.34499019384384155
0.3342290222644806
0.38665518164634705
0.36054134368896484
0.3807239234447479
0.3240489363670349
0.3587649166584015
0.2989296615123749
0.33049026131629944
0.341018944978714
0.35938501358032227
0.3177734315395355
0.3306148648262024
0.3655249774456024
0.2983121871948242
0.3310568630695343
0.34485194087028503
0.2963015139102936
0.3061225712299347
0.3422485291957855
0.35616785287857056
0.3361940383911133
0.31901878118515015
0.3717655539512634
0.326082706451416
0.2874937057495117
0.30458828806877136
0.3692792057991028
0.33144691586494446
0.3340912461280823
0.34096354246139526
0.3180314600467682
0.3102460503578186
0.2975117862224579
0.3189813792705536
0.3275368809700012
0.33366939425468445
0.32830557227134705
0.3130263388156891
0.34371110796928406
0.3088960647583008
0.35043051838874817
0.33394360542297363
0.32281213998794556
0.32720476388931274
0.3410629630088806
0.3542301654815674
0.3599946200847626
0.2738654315471649
0.35787537693977356
0.3797452747821808
0.35626763105392456
0.32262593507766724
0.31928008794784546
0.31996336579322815
0.3348991274833679
0.32085826992988586
0.3590092062950134
0.33128878474235535
0.3380541205406189
0.3324049413204193
0.3390169143676758
0.34407320618629456
0.3253726363182068
0.37115412950515747
0.327289342880249
0.3296617865562439
0.3540111184120178
0.33012327551841736
0.3305066227912903
0.30869919061660767
0.31022167205810547
0.3174472451210022
0.3543664515018463
0.3243717551231384
0.2910659611225128
0.2805764079093933
0.2864174246788025
0.3235301375389099
0.34503909945487976
0.32250452041625977
0.3368816375732422
0.30646470189094543
0.3185698091983795
0.2527209520339966
0.32080504298210144
0.30056247115135193
0.38662317395210266
0.32178792357444763
0.31678909063339233
0.3696151673793793
0.3060235381126404
0.37647929787635803
0.2927307188510895
0.3412728011608124
0.34484750032424927
0.3054902255535126
0.32512232661247253
0.29591652750968933
0.3354232907295227
0.26820889115333557
0.3010402023792267
0.3348442614078522
0.31568023562431335
0.32768940925598145
0.3279817998409271
0.3398269712924957
0.32889148592948914
0.29497912526130676
0.3370906412601471
0.34888342022895813
0.3540751338005066
0.3609022796154022
0.35982459783554077
0.2937752902507782
0.31238460540771484
0.36029085516929626
0.28514841198921204
0.32930341362953186
0.3339824676513672
0.33144715428352356
0.3123299479484558
0.3476007878780365
0.2916260063648224
0.3571510910987854
0.31426700949668884
0.29219675064086914
0.3105482757091522
0.3294850289821625
0.28848996758461
0.27387937903404236
0.3501026928424835
0.3215855062007904
0.3201286494731903
0.29436805844306946
0.32927849888801575
0.3093261122703552
0.3203088939189911
0.34460514783859253
0.35615450143814087
0.3403017222881317
0.30589884519577026
0.3441345989704132
0.38369253277778625
0.29659420251846313
0.29276084899902344
0.35959333181381226
0.3153119683265686
0.3377611041069031
0.3392808735370636
0.34169140458106995
0.3571379780769348
0.2964664399623871
0.34475094079971313
0.38658571243286133
0.3045775592327118
0.34470656514167786
0.3141269087791443
0.32038310170173645
0.34099718928337097
0.35610586404800415
0.34192174673080444
0.3131552040576935
0.35895591974258423
0.2867404818534851
0.3336527347564697
0.3279232978820801
0.3460454046726227
0.22930966317653656
0.288114994764328
0.3143234848976135
0.34116432070732117
0.3414425253868103
0.3267870247364044
0.3050422668457031
0.37025001645088196
0.351339191198349
0.3440365791320801
0.36718887090682983
0.29592791199684143
0.2968459725379944
0.36000436544418335
0.3099806606769562
0.30870071053504944
0.28198885917663574
0.3618185520172119
0.3322518467903137
0.31764131784439087
0.34245410561561584
0.3292483687400818
0.3277413547039032
0.3474699556827545
0.31956741213798523
0.320253849029541
0.31540316343307495
0.3013169765472412
0.30846086144447327
0.32505908608436584
0.32039138674736023
0.3193672001361847
0.32462066411972046
0.3115604817867279
0.3274599015712738
0.36479419469833374
0.3746468126773834
0.3225802779197693
0.3032667636871338
0.3651778995990753
0.38999634981155396
0.3646162450313568
0.3760048449039459
0.3485483229160309
0.32165127992630005
0.35378724336624146
0.3523850440979004
0.3411106765270233
0.3975893557071686
0.34402623772621155
0.3606284558773041
0.3584401607513428
0.3625323474407196
0.33730241656303406
0.3160002529621124
0.2974712550640106
0.3409586548805237
0.289309561252594
0.3597584366798401
0.3538455367088318
0.35558536648750305
0.34642621874809265
0.3556838631629944
0.3143213391304016
0.35929322242736816
0.3470432460308075
0.2922650873661041
0.3128608167171478
0.31193068623542786
0.29933640360832214
0.34952792525291443
0.3145298957824707
0.3053579330444336
0.3583274483680725
0.3157895505428314
0.3111940324306488
0.32529208064079285
0.2954985797405243
0.33953148126602173
0.32640883326530457
0.275452196598053
0.33692723512649536
0.3101516366004944
0.332409143447876
0.31651729345321655
0.32289499044418335
0.3987351059913635
0.34315967559814453
0.3169443905353546
0.2949741780757904
