0.000758287962526083
0.0007083233795128763
0.0002828349533956498
0.00015941716264933348
4.087514025741257e-05
0.0003550480760168284
2.440372009004932e-05
3.5909721191274e-05
0.00036102341255173087
7.951462612254545e-05
7.850884867366403e-05
6.938446313142776e-05
7.624558202223852e-05
7.724132592556998e-05
5.503584907273762e-05
5.695622166967951e-05
8.729785622563213e-05
3.9401747926604e-05
4.402575359563343e-05
6.757554365321994e-05
4.290571450837888e-05
2.51252822636161e-05
3.5325621865922585e-05
4.359928425401449e-05
3.2658263080520555e-05
6.56479605822824e-05
0.0001120710076065734
3.497851503198035e-05
5.1317088946234435e-05
6.275511987041682e-05
2.679056706256233e-05
5.776410034741275e-05
4.030987111036666e-05
6.396554817911237e-05
0.0005366703844629228
6.214610766619444e-05
8.911719487514347e-05
8.481907570967451e-05
5.2658568165497854e-05
6.815564120188355e-05
6.457096606027335e-05
5.3172923799138516e-05
3.6468671169131994e-05
9.441766451345757e-05
0.00010429359099362046
4.42952623416204e-05
6.585636583622545e-05
4.651857307180762e-05
2.8448948796722107e-05
5.863738260813989e-05
4.5067223254591227e-05
5.093056461191736e-05
4.3428142816992477e-05
0.00029261261806823313
4.0810984501149505e-05
5.298268297337927e-05
3.4935652365675196e-05
3.176955215167254e-05
6.240806396817788e-05
3.0375671485671774e-05
3.3778895158320665e-05
3.1971132557373494e-05
0.0001893842127174139
2.455129288136959e-05
5.214677003095858e-05
6.900003791088238e-05
2.9459213692462072e-05
2.9999322578078136e-05
6.295903585851192e-05
9.828630572883412e-05
1.9968723790952936e-05
6.712171307299286e-05
4.503046511672437e-05
7.793117401888594e-05
4.2633790144464e-05
5.948861871729605e-05
5.759167470387183e-05
4.000249828095548e-05
6.228355050552636e-05
3.5906927223550156e-05
9.192810830427334e-05
7.83439027145505e-05
4.8183319449890405e-05
5.1962942961836234e-05
3.323329292470589e-05
0.00021904958703089505
0.00021337221551220864
4.2561958252917975e-05
5.599475116468966e-05
4.307607377995737e-05
6.386324821505696e-05
8.139581041177735e-05
7.453145371982828e-05
3.772787385969423e-05
5.1672370318556204e-05
4.667034590966068e-05
0.000176330198883079
2.9039543733233586e-05
1.9424662241362967e-05
4.014844307675958e-05
6.405509338947013e-05
3.818009281530976e-05
3.7711892218794674e-05
3.6043351428816095e-05
4.9394166126148775e-05
4.4860087655251846e-05
7.711398211540654e-05
4.5701595809077844e-05
3.937971996492706e-05
4.626487134373747e-05
6.694668263662606e-05
4.163835910730995e-05
3.3386699215043336e-05
3.1290128390537575e-05
4.668945985031314e-05
7.213665230665356e-05
5.2110295655438676e-05
4.678473123931326e-05
4.562587491818704e-05
2.678314922377467e-05
7.503233791794628e-05
9.891571971820667e-05
4.4456974137574434e-05
4.122077007195912e-05
2.7514644898474216e-05
3.4523505746619776e-05
5.403322938946076e-05
3.186106187058613e-05
3.5252607631264254e-05
5.025428981753066e-05
2.8852518880739808e-05
6.117288285167888e-05
4.593926132656634e-05
7.506694964831695e-05
5.104721640236676e-05
3.259981167502701e-05
2.760675852186978e-05
0.00012079461885150522
2.8838660000474192e-05
5.236854121903889e-05
2.9944570997031406e-05
4.406058360473253e-05
4.5241500629344955e-05
5.706945012207143e-05
5.97208745602984e-05
5.946633973508142e-05
5.946151213720441e-05
0.00010440800542710349
6.08221635047812e-05
4.5409895392367616e-05
3.858096897602081e-05
4.781861571245827e-05
4.430603075888939e-05
3.12567462970037e-05
3.655250111478381e-05
2.6453479222254828e-05
4.56754605693277e-05
1.4048187040316407e-05
3.8154808862600476e-05
4.542084570857696e-05
2.4751116143306717e-05
0.00010116025805473328
7.203331188065931e-05
9.378168033435941e-05
2.966363899759017e-05
0.00010827125515788794
3.1395415135193616e-05
0.00022967546829022467
4.64944496343378e-05
7.19431700417772e-05
5.627077916869894e-05
3.0259152481448837e-05
3.534357892931439e-05
4.768652797793038e-05
8.656420686747879e-05
6.484724872279912e-05
5.543808583752252e-05
3.663376628537662e-05
7.29886960471049e-05
6.424793537007645e-05
2.7439407858764753e-05
0.00022381434973794967
2.5531164283165708e-05
6.1031048971926793e-05
8.126660395646468e-05
5.243192208581604e-05
4.853931750403717e-05
3.9277580071939155e-05
7.003666542004794e-05
6.043034591129981e-05
0.00019425865320954472
4.0547631215304136e-05
8.766706741880625e-05
4.9684487748891115e-05
6.745465361746028e-05
7.432110578520223e-05
5.81095227971673e-05
4.910756251774728e-05
2.769460297713522e-05
4.3603035010164604e-05
