0.012954356148838997
0.39143702387809753
0.18872392177581787
0.17775766551494598
0.1829782873392105
0.1802787035703659
0.17932355403900146
0.18525344133377075
0.1874036192893982
0.19222486019134521
0.19609233736991882
0.1753367781639099
0.18452242016792297
0.18892714381217957
0.18091972172260284
0.17603008449077606
0.18038876354694366
0.18255765736103058
0.18296034634113312
0.17406785488128662
0.1980457901954651
0.18168987333774567
0.1828191876411438
0.17316749691963196
0.17582955956459045
0.1753222644329071
0.1716402769088745
0.17156235873699188
0.18268553912639618
0.18364614248275757
0.19202692806720734
0.18143759667873383
0.1927202045917511
0.18615294992923737
0.173904687166214
0.18588955700397491
0.19006192684173584
0.18673920631408691
0.18345287442207336
0.16617543995380402
0.193354070186615
0.17884084582328796
