0.6477178335189819
0.6901894807815552
0.6852812767028809
0.6795294284820557
0.6738259792327881
0.6647839546203613
0.6577595472335815
0.6525884866714478
0.644446611404419
0.6382244825363159
0.6340001821517944
0.6252610087394714
0.6182756423950195
0.6024477481842041
0.5900830030441284
0.5775944590568542
0.570161759853363
0.557508111000061
0.5345574021339417
0.5213815569877625
0.49729830026626587
0.4731031656265259
0.45854926109313965
0.41402149200439453
0.40174466371536255
0.3424654006958008
0.31072044372558594
0.3074653148651123
0.2351437509059906
0.26363641023635864
0.2115785777568817
0.24407421052455902
0.22618252038955688
0.16748416423797607
0.1929166465997696
0.11016428470611572
0.22558370232582092
0.13030195236206055
0.1264544427394867
0.2979351878166199
0.3550386130809784
0.2050658017396927
0.14808909595012665
0.15271493792533875
0.1420338898897171
0.16883619129657745
0.1607021689414978
0.13488562405109406
0.1866922378540039
0.21897584199905396
0.2440890669822693
0.2885444164276123
0.29747599363327026
0.22509774565696716
0.11258455365896225
0.16227245330810547
0.2576025724411011
0.23727501928806305
0.16205541789531708
0.21383757889270782
0.1317671835422516
0.16210076212882996
0.1703387200832367
0.17111799120903015
0.20656275749206543
0.13050836324691772
0.22921258211135864
0.15092585980892181
0.2043483555316925
0.16486334800720215
0.20310524106025696
0.17979741096496582
0.19831223785877228
0.14414829015731812
0.1600920706987381
0.19301700592041016
0.14108479022979736
0.1510598361492157
0.17302145063877106
0.21636538207530975
0.15562944114208221
0.17698168754577637
0.16809028387069702
0.2361636906862259
0.21481990814208984
0.21881869435310364
0.22398154437541962
0.22908124327659607
0.17485609650611877
0.2227628380060196
0.2362978756427765
0.2596115469932556
0.19155022501945496
0.1757836937904358
0.13537760078907013
0.21604184806346893
0.14503175020217896
0.2107202410697937
0.15164035558700562
0.13325177133083344
0.1212087869644165
0.12713634967803955
0.11523663997650146
0.1546098291873932
0.1544869840145111
0.11184239387512207
0.2502259612083435
0.26566535234451294
0.16552259027957916
0.10352486371994019
0.12202045321464539
0.18111838400363922
0.2130686342716217
0.12609751522541046
0.10889343917369843
0.15674784779548645
0.10325975716114044
0.21122673153877258
0.1625921130180359
0.3077648878097534
0.1421344131231308
0.15289759635925293
0.1749754548072815
0.16457724571228027
0.1522817760705948
0.18684208393096924
0.13465750217437744
0.19892799854278564
0.1717025637626648
0.17191314697265625
0.22030285000801086
0.18802767992019653
0.2211981862783432
0.1932198703289032
0.22661085426807404
0.12582123279571533
0.1857808530330658
0.2786599099636078
0.27487775683403015
0.21180063486099243
0.22413556277751923
0.11522331833839417
0.12468927353620529
0.16655391454696655
0.21394652128219604
0.13265463709831238
0.24113023281097412
0.21342569589614868
0.18561765551567078
0.18162649869918823
0.1706315577030182
0.19570842385292053
0.2364392876625061
0.24804027378559113
0.175837904214859
0.16471168398857117
0.1660572737455368
0.19988033175468445
0.12029097974300385
0.11525379121303558
0.17665880918502808
0.16993972659111023
0.1970815360546112
0.18421614170074463
0.16200873255729675
0.18559147417545319
0.13465255498886108
0.17513814568519592
0.16156291961669922
0.16854944825172424
0.3098834753036499
0.1829865276813507
0.12687362730503082
0.1399923861026764
0.1881721019744873
0.1756196916103363
0.15697143971920013
0.1038639098405838
0.20857709646224976
0.1784716546535492
0.16850456595420837
0.2394813448190689
0.18137405812740326
0.19974924623966217
0.08658764511346817
0.1107078343629837
0.16905339062213898
0.1359555423259735
0.23879474401474
0.2424669712781906
0.1969180703163147
0.20998802781105042
0.2202381193637848
0.32806429266929626
0.126564621925354
0.18057957291603088
0.15317000448703766
0.250954806804657
0.15740962326526642
0.2142694592475891
0.2290506660938263
0.16228953003883362
0.18851926922798157
0.164018914103508
0.3007444739341736
0.21360088884830475
0.1319504976272583
0.14953692257404327
0.23531311750411987
0.19897545874118805
0.1667785942554474
0.17439152300357819
0.16024966537952423
0.19338718056678772
0.16007143259048462
0.1135358214378357
0.33375149965286255
0.15459513664245605
0.1645078808069229
0.1891738772392273
0.14206072688102722
0.23706431686878204
0.15862572193145752
0.1373298615217209
0.15263061225414276
0.14019255340099335
0.24194000661373138
0.21965861320495605
0.2398548573255539
0.1401773989200592
0.22117877006530762
0.19486004114151
0.14675645530223846
0.18428170680999756
0.15504074096679688
0.16296865046024323
0.08904178440570831
0.11504051089286804
0.1423504501581192
0.1985061764717102
0.1645308881998062
0.20829957723617554
0.2605503499507904
0.19446587562561035
0.24868157505989075
0.11658824235200882
0.20947173237800598
0.17528274655342102
0.16154393553733826
0.20135298371315002
0.09821412712335587
0.124265655875206
0.15007460117340088
0.1567670702934265
0.2660607695579529
0.19241616129875183
0.19230931997299194
0.1520988494157791
0.17218923568725586
0.11895321309566498
0.2348572015762329
0.11457859724760056
0.21524521708488464
0.24239709973335266
0.2121780514717102
0.21380677819252014
0.14841146767139435
0.1500454843044281
0.12978589534759521
0.21059030294418335
0.21500864624977112
0.08370134234428406
0.16334465146064758
0.25684285163879395
0.2266618013381958
0.1504826843738556
0.1525695025920868
0.2054091840982437
0.13541382551193237
0.19310308992862701
0.10090531408786774
0.19043482840061188
0.17935669422149658
0.13695883750915527
0.20690809190273285
0.1768466979265213
0.13428941369056702
0.09287723153829575
0.220572829246521
0.2602366805076599
0.1240721270442009
0.29528874158859253
0.1323714256286621
0.15206748247146606
0.17082306742668152
0.1666637808084488
0.2110438048839569
0.21327395737171173
0.23034429550170898
0.1980123221874237
0.19326233863830566
0.23909708857536316
0.1156737208366394
0.17798137664794922
0.20860134065151215
0.22283655405044556
0.09373226761817932
0.17578032612800598
0.19625088572502136
0.23403233289718628
0.1952248066663742
0.20817938446998596
0.13898423314094543
0.18319010734558105
0.1293417513370514
0.18928056955337524
0.25590798258781433
0.13586658239364624
0.19365806877613068
0.16334152221679688
0.1962307244539261
0.19807249307632446
0.17919288575649261
0.20314985513687134
0.17190195620059967
0.2063320279121399
0.21254116296768188
0.15787231922149658
0.18827466666698456
0.1422823965549469
0.2307526171207428
0.19224637746810913
0.18426871299743652
0.1572643220424652
0.17115338146686554
0.29159098863601685
0.10490328073501587
0.20061951875686646
0.21509861946105957
0.20141735672950745
0.16462105512619019
0.1333281695842743
0.15975363552570343
0.2056269645690918
0.1316375583410263
0.250625342130661
0.18232133984565735
0.22154110670089722
0.16361436247825623
0.25941628217697144
0.1280580759048462
0.22910931706428528
0.1563938856124878
0.13666073977947235
0.2115464210510254
0.19585904479026794
0.19338151812553406
0.14907047152519226
0.2025974541902542
0.14364121854305267
0.17553845047950745
0.27682143449783325
0.1478206217288971
0.12464087456464767
0.1633201688528061
0.34102094173431396
0.19214670360088348
0.21934133768081665
0.15851464867591858
0.14010226726531982
0.21041801571846008
0.11421407759189606
0.20733080804347992
0.2621471881866455
0.16648101806640625
0.18486933410167694
0.14642608165740967
0.20988184213638306
0.17583796381950378
0.1865481734275818
0.1589091718196869
0.14857059717178345
0.17086158692836761
0.10859242081642151
0.1960046887397766
0.20036771893501282
0.11273060739040375
0.26289206743240356
0.13747775554656982
0.1657169759273529
0.14992249011993408
0.22768813371658325
0.21085728704929352
0.17096778750419617
0.29116594791412354
0.20221734046936035
0.2507096827030182
0.14156004786491394
0.2193608433008194
0.16969001293182373
0.2522348165512085
0.1661694347858429
0.21524366736412048
0.2730586528778076
0.2054450809955597
0.18369367718696594
0.18806873261928558
0.18497934937477112
0.19247806072235107
0.11843262612819672
0.1688814014196396
0.13666832447052002
0.17133232951164246
0.2310144007205963
0.25136756896972656
0.18097347021102905
0.09633632004261017
0.144517719745636
0.27350056171417236
0.19868476688861847
0.25862133502960205
0.13548347353935242
0.2732921540737152
0.10884122550487518
0.24131295084953308
0.20613621175289154
0.2306825965642929
0.1815645396709442
0.28696680068969727
0.2493821233510971
0.2218697965145111
0.15535041689872742
0.15387630462646484
0.1586703062057495
0.18918335437774658
0.18876534700393677
0.2056611031293869
0.15070891380310059
0.2529063820838928
0.17180289328098297
0.1220228523015976
0.19212749600410461
0.1944771707057953
0.26017069816589355
0.13897627592086792
0.20884059369564056
0.18937116861343384
0.24819140136241913
0.11117538809776306
0.17444832623004913
0.16951653361320496
0.24095064401626587
0.23803208768367767
0.24122965335845947
0.23254680633544922
0.20079636573791504
0.23094263672828674
0.18889498710632324
0.25479376316070557
0.20967818796634674
0.18575243651866913
0.18483895063400269
0.1941235363483429
0.21229583024978638
0.2253955602645874
0.29059845209121704
0.10479101538658142
0.24146316945552826
0.18257305026054382
0.2761579751968384
0.25619757175445557
0.1542207896709442
0.18534083664417267
0.13771840929985046
0.1470920741558075
0.12702730298042297
0.15288496017456055
0.15576590597629547
0.1555929034948349
0.18378093838691711
0.284445583820343
0.24081051349639893
0.2369081676006317
0.21787507832050323
0.1633874624967575
0.1429770141839981
0.159451425075531
0.23188768327236176
0.14505648612976074
0.23263102769851685
0.20625969767570496
0.18690800666809082
0.09725826978683472
0.15937411785125732
0.12200089544057846
0.20561626553535461
0.2659597396850586
0.1432446837425232
0.1956179440021515
0.16529834270477295
0.21017244458198547
0.0926385372877121
0.08192836493253708
0.22554148733615875
0.19773581624031067
0.179643452167511
0.1008085310459137
0.09783860296010971
0.1371811330318451
0.19787786900997162
0.37432825565338135
0.13147899508476257
0.15196768939495087
0.23092162609100342
0.2502354383468628
0.234158456325531
0.15022480487823486
0.20089368522167206
0.13754047453403473
0.23479554057121277
0.2003364861011505
0.14218024909496307
0.13272228837013245
0.21022722125053406
0.1504790484905243
0.17825743556022644
0.1757465898990631
0.16079255938529968
0.20670685172080994
0.2139793336391449
0.15531329810619354
0.18592789769172668
0.17464163899421692
0.1002446711063385
0.22515974938869476
0.16956311464309692
0.19585643708705902
0.15885135531425476
0.2196151167154312
0.11993560940027237
0.14713767170906067
0.18328802287578583
0.105836883187294
0.10756245255470276
0.15409687161445618
0.26423269510269165
0.25144267082214355
0.16855256259441376
0.20651580393314362
0.1558009535074234
0.1380966603755951
0.1878332495689392
0.16642442345619202
0.0897589921951294
0.07359126955270767
0.21138854324817657
0.25023239850997925
0.19664642214775085
0.1912398636341095
0.12194348126649857
0.2553960084915161
0.17418093979358673
0.19426268339157104
0.1970062553882599
0.237214595079422
0.19150584936141968
0.24468936026096344
0.1525159776210785
0.2286493331193924
0.22631792724132538
0.19667589664459229
0.28066450357437134
0.17298176884651184
0.2106282114982605
0.156808003783226
0.18893034756183624
0.14607971906661987
0.24494978785514832
0.12751008570194244
0.14531812071800232
0.15967059135437012
0.16784754395484924
0.16141948103904724
0.1622268706560135
0.20882448554039001
0.13843747973442078
0.18877629935741425
0.17879512906074524
0.1558580994606018
0.16728459298610687
0.14506983757019043
0.151530921459198
0.23410293459892273
0.19583599269390106
0.19944977760314941
0.18728013336658478
0.18590860068798065
0.13812902569770813
0.19752755761146545
0.2287112921476364
0.2120915800333023
0.2686800956726074
0.19987237453460693
0.2716827392578125
0.1722642481327057
0.181386798620224
0.17548570036888123
0.18268775939941406
0.24571965634822845
0.20719651877880096
0.13886401057243347
0.1342899352312088
0.210220068693161
0.20888639986515045
0.1553002893924713
0.12429618835449219
0.162677600979805
0.17581194639205933
0.1837635040283203
0.1317560076713562
0.17578421533107758
0.1930776834487915
0.20690284669399261
0.1462600827217102
0.18675169348716736
0.2219272404909134
0.1579214632511139
0.1575077772140503
0.19798678159713745
0.20573440194129944
0.12971845269203186
0.24608944356441498
0.2517302930355072
0.24611422419548035
0.2005786895751953
0.1929648220539093
0.18096420168876648
0.1962207853794098
0.17367947101593018
0.22372102737426758
0.1773093342781067
0.16134512424468994
0.2348262369632721
0.20875869691371918
0.19659820199012756
0.14539247751235962
0.09881115704774857
0.18712209165096283
0.17934063076972961
0.1714836061000824
0.2628927230834961
0.21071261167526245
0.14763183891773224
0.2039131373167038
0.21608349680900574
0.2363736778497696
0.21339939534664154
0.19570055603981018
0.32444047927856445
0.14430934190750122
0.18702886998653412
0.17357979714870453
0.19826500117778778
0.16856715083122253
0.18619000911712646
0.16012325882911682
0.15408089756965637
0.1724754273891449
0.23731505870819092
0.20128604769706726
0.1306990534067154
0.15010839700698853
0.1371576488018036
0.20390422642230988
0.18382278084754944
0.17286227643489838
0.16337238252162933
0.17684847116470337
0.19414140284061432
0.16750353574752808
0.12959687411785126
0.163021981716156
0.1856447160243988
0.2763575315475464
0.12405023723840714
0.18485672771930695
0.1591210663318634
0.14950932562351227
0.2589690685272217
0.15454162657260895
0.1488330215215683
0.17586731910705566
0.14098849892616272
0.20408035814762115
0.13299088180065155
0.1852460503578186
0.1521957814693451
0.15339186787605286
0.2562880516052246
0.16418540477752686
0.1343541145324707
0.2756355404853821
0.17441301047801971
0.1600719541311264
0.18781408667564392
0.1425451636314392
0.1410091072320938
0.13258254528045654
0.12412986159324646
0.12588249146938324
0.15427643060684204
0.11796487867832184
0.24314919114112854
0.10321225970983505
0.201494500041008
0.1559203714132309
0.15049923956394196
0.14555257558822632
0.1912599802017212
0.20557358860969543
0.18288013339042664
0.1778465062379837
0.0940922275185585
0.17953255772590637
0.2185850739479065
0.17459288239479065
0.09520921111106873
0.1666354387998581
0.1255793422460556
0.2153898924589157
0.18053355813026428
0.1675323247909546
0.19706955552101135
0.22554348409175873
0.11635849624872208
0.16687817871570587
0.22352415323257446
0.30200067162513733
0.18236450850963593
0.17734123766422272
0.27232009172439575
0.1428864449262619
0.13500931859016418
0.159076526761055
0.20513562858104706
0.18619725108146667
0.1853380799293518
0.21339969336986542
0.1863740086555481
0.25440049171447754
0.15889111161231995
0.27347758412361145
0.215580016374588
0.17912699282169342
0.19969265162944794
0.13442391157150269
0.17177394032478333
0.10858816653490067
0.14453789591789246
0.17058347165584564
0.1147715151309967
0.12244648486375809
0.3065517544746399
0.19158831238746643
0.16408231854438782
0.24251209199428558
0.2086477428674698
0.2682262063026428
0.22968202829360962
0.2284967452287674
0.22567559778690338
0.22489234805107117
0.1352648138999939
0.18785560131072998
0.14782994985580444
0.15591314435005188
0.199282705783844
0.18484628200531006
0.17317555844783783
0.18467725813388824
0.17998835444450378
0.10042942315340042
0.20752853155136108
0.22345638275146484
0.1423749327659607
0.19985678791999817
0.16620895266532898
0.10627410560846329
0.18124906718730927
0.23140034079551697
0.20832468569278717
0.14249375462532043
0.14385667443275452
0.09111538529396057
0.20972484350204468
0.1496901512145996
0.16409114003181458
0.18227505683898926
0.19680443406105042
0.09804990887641907
0.20004326105117798
0.16501298546791077
0.20762640237808228
0.16399386525154114
0.11613480746746063
0.2311432957649231
0.16177994012832642
0.20536121726036072
0.18298238515853882
0.15117116272449493
0.2384079396724701
0.20760667324066162
0.2562839984893799
0.19995161890983582
0.18236106634140015
0.17750929296016693
0.16950567066669464
0.22140829265117645
0.17830120027065277
0.13425114750862122
0.19601792097091675
0.20091260969638824
0.14867429435253143
0.13006116449832916
0.2503758370876312
0.1603166162967682
0.24953991174697876
0.2095034122467041
0.17286911606788635
0.24552147090435028
0.18674127757549286
0.14278718829154968
0.18523633480072021
0.11642052233219147
0.1899232119321823
0.13358375430107117
0.21577540040016174
0.11317171901464462
0.14788970351219177
0.1412406861782074
0.16330161690711975
0.221981942653656
0.14140290021896362
0.18212029337882996
0.23565399646759033
0.2461816817522049
0.20810440182685852
0.19431328773498535
0.15436145663261414
0.22121845185756683
0.07188889384269714
0.14266541600227356
0.1804361641407013
0.1850833147764206
0.16085964441299438
0.1339794546365738
0.24009332060813904
0.1808347851037979
0.21664677560329437
0.22831541299819946
0.170573890209198
0.184592604637146
0.18682722747325897
0.13192373514175415
0.1629786193370819
0.17109553515911102
0.15058833360671997
0.19423210620880127
0.1872420310974121
0.23615087568759918
0.1795251965522766
0.1489783227443695
0.193764328956604
0.21675120294094086
0.16141825914382935
0.26207947731018066
0.19785764813423157
0.14077289402484894
0.19983883202075958
0.19350141286849976
0.18581201136112213
0.15660737454891205
0.2716326117515564
0.1677475869655609
0.22689008712768555
0.15569788217544556
0.32163411378860474
0.14656901359558105
0.17684005200862885
0.1603676974773407
0.16533178091049194
0.21472331881523132
0.12920233607292175
0.2144547402858734
0.17762671411037445
0.18486103415489197
0.22466439008712769
0.1566978394985199
0.12733346223831177
0.1681498885154724
0.0755673497915268
0.2390308678150177
0.17970633506774902
0.20390194654464722
0.2366028130054474
0.16303060948848724
0.1947782039642334
0.14830182492733002
0.1756310760974884
0.27261582016944885
0.25631001591682434
0.16019082069396973
0.17802917957305908
0.21643204987049103
0.23227980732917786
0.17549486458301544
0.1699029952287674
0.18997979164123535
0.24909231066703796
0.16165870428085327
0.14029523730278015
0.14693889021873474
0.1740858107805252
0.182561457157135
0.14770406484603882
0.2816571891307831
0.2226756513118744
0.14759086072444916
0.17335323989391327
0.0897567868232727
0.14609390497207642
0.1595059335231781
0.10004044324159622
0.13626161217689514
0.14277207851409912
0.11692383885383606
0.21457377076148987
0.17588213086128235
0.18808108568191528
0.19077371060848236
0.15770956873893738
0.24471433460712433
0.15424013137817383
0.14419224858283997
0.1643989384174347
0.13089361786842346
0.14240185916423798
0.11193602532148361
0.138896644115448
0.1044425219297409
0.12906934320926666
0.26267483830451965
0.16999924182891846
0.19445286691188812
0.2844231426715851
0.19402334094047546
0.20595470070838928
0.2753370404243469
0.14845749735832214
0.15026211738586426
0.16751575469970703
0.24474388360977173
0.22603467106819153
0.20177331566810608
0.29003602266311646
0.2028345763683319
0.1745343953371048
0.23444457352161407
0.16819387674331665
0.21721887588500977
0.16484284400939941
0.2481967806816101
0.1970207393169403
0.17746959626674652
0.1364443600177765
0.13094255328178406
0.15914586186408997
0.1674705147743225
0.22242099046707153
0.1777949184179306
0.09019425511360168
0.30045026540756226
0.22330498695373535
0.11569754034280777
0.17485275864601135
0.2186262160539627
0.15329335629940033
0.17329813539981842
0.3594491481781006
0.22170883417129517
0.1593959629535675
0.1711927354335785
0.16296938061714172
0.1772087961435318
0.22357332706451416
0.21687684953212738
0.1472417414188385
0.18322505056858063
0.2501552700996399
0.14837750792503357
0.2365330159664154
0.19157585501670837
0.23359380662441254
0.16608071327209473
0.12952378392219543
0.1752680242061615
0.21905985474586487
0.12689848244190216
0.14373867213726044
0.21218466758728027
0.13700523972511292
0.18882331252098083
0.12721990048885345
0.16496622562408447
0.15041160583496094
0.14532053470611572
0.19072124361991882
0.21641863882541656
0.19507786631584167
0.18474237620830536
0.18924793601036072
0.11734580248594284
0.19962142407894135
0.13879795372486115
0.21786603331565857
0.2304084748029709
0.20875540375709534
0.13520440459251404
0.17305061221122742
0.18836377561092377
0.16262021660804749
0.2880696654319763
0.20727892220020294
0.10559988021850586
0.2280178815126419
0.12748339772224426
0.19703705608844757
0.11825637519359589
0.15596693754196167
0.25900164246559143
0.24414502084255219
0.2930506467819214
0.1475367248058319
0.18343836069107056
0.16439911723136902
0.15276646614074707
0.20100641250610352
0.13939599692821503
0.23741067945957184
0.19021061062812805
0.1845095455646515
0.15474122762680054
0.12492026388645172
0.18395914137363434
0.15885671973228455
0.21067294478416443
0.17870959639549255
0.1025591790676117
0.2035728394985199
0.15112130343914032
0.22636282444000244
0.1635136902332306
0.17538008093833923
0.23081623017787933
0.12163229286670685
0.20143462717533112
0.12574054300785065
0.1706579029560089
0.17554503679275513
0.26290959119796753
0.17784160375595093
0.11811615526676178
0.1570391058921814
0.22407981753349304
0.1447698175907135
0.2547045052051544
0.2091239094734192
0.27933469414711
0.2411835789680481
0.14266791939735413
0.20582422614097595
0.24863708019256592
0.16451941430568695
0.29021647572517395
0.17287585139274597
0.1913605034351349
0.17207780480384827
0.2138204574584961
0.16044047474861145
0.17234134674072266
0.1782626211643219
0.16160835325717926
0.13487115502357483
0.18862709403038025
0.12168785184621811
0.18220362067222595
0.1896199733018875
0.22506766021251678
0.27363321185112
0.13484124839305878
0.08645744621753693
0.1588086485862732
0.18371938169002533
0.17643693089485168
0.15039291977882385
0.18184664845466614
0.1860882043838501
0.19063591957092285
0.1714339256286621
0.19714052975177765
0.12040945142507553
0.15273591876029968
0.1837950050830841
0.19953252375125885
0.11687169969081879
0.2041771411895752
0.22634968161582947
0.18224775791168213
0.13882699608802795
0.09828393161296844
0.18848147988319397
0.13805264234542847
0.10775572061538696
0.23978444933891296
0.15036877989768982
0.2814767360687256
0.15072132647037506
0.11931103467941284
0.15257729589939117
0.1882375180721283
0.23082002997398376
0.15009787678718567
0.19342517852783203
0.12908703088760376
0.29185301065444946
0.16726276278495789
0.13732434809207916
0.12316349148750305
0.12935440242290497
0.17553335428237915
0.21148711442947388
0.18262705206871033
0.1297885924577713
0.18877097964286804
0.1201794445514679
0.16539216041564941
0.22378051280975342
0.22109028697013855
0.2165960669517517
0.1967792809009552
0.1374613493680954
0.2399110347032547
0.20867878198623657
0.19329524040222168
0.18819348514080048
0.2616351246833801
0.16923050582408905
0.2010694444179535
0.1935696303844452
0.15712960064411163
0.20707571506500244
0.1347239762544632
0.16440752148628235
0.1774732768535614
0.10219705104827881
0.12973998486995697
0.14377860724925995
0.232974112033844
0.2358984351158142
0.2543461322784424
0.1645580232143402
0.18894889950752258
0.18600130081176758
0.22185485064983368
0.1290406584739685
0.1340515911579132
0.13877147436141968
0.13012102246284485
0.09922469407320023
0.1985800564289093
0.14543688297271729
0.1605863720178604
0.19840611517429352
0.10688063502311707
0.21336953341960907
0.17765478789806366
0.18898066878318787
0.11819454282522202
0.2104734480381012
0.13710832595825195
0.11895596981048584
0.29926013946533203
0.1295059323310852
0.2682121992111206
0.15774300694465637
0.1325823813676834
0.21929824352264404
0.12313501536846161
0.2049725502729416
0.15193429589271545
0.14230749011039734
0.22582826018333435
0.19223088026046753
0.19839678704738617
0.14986366033554077
0.1598498821258545
0.24694620072841644
0.21156957745552063
0.16881486773490906
0.11522199958562851
0.2028529942035675
0.1935558319091797
0.18147844076156616
0.18511006236076355
0.1256391853094101
0.12340247631072998
0.19606120884418488
0.15147532522678375
0.12329597771167755
0.16648250818252563
0.21731528639793396
0.16152335703372955
0.18856662511825562
0.19183629751205444
0.20032329857349396
0.16026073694229126
0.0906241238117218
0.15153448283672333
0.17292049527168274
0.14647085964679718
0.14259827136993408
0.24811968207359314
0.06809914112091064
0.2723037898540497
0.1875087320804596
0.1899743676185608
0.2647230327129364
0.1846822202205658
0.1276998668909073
0.13230213522911072
0.13728347420692444
0.15395119786262512
0.2170446813106537
0.1957172453403473
0.15966250002384186
0.1623004525899887
0.16791445016860962
0.1868782788515091
0.13048642873764038
0.2056277096271515
0.23178428411483765
0.18157503008842468
0.1504986584186554
0.11022445559501648
0.13764001429080963
0.18982307612895966
0.180359348654747
0.19588547945022583
0.12300453335046768
0.1748718023300171
0.20235878229141235
0.17531263828277588
0.1268818974494934
0.20499324798583984
0.25483396649360657
0.1928790807723999
0.10110040009021759
0.1277388036251068
0.16764047741889954
0.26645854115486145
0.1341726928949356
0.14474940299987793
0.13293398916721344
0.1973004937171936
0.13727137446403503
0.14413386583328247
0.11480030417442322
0.1825118362903595
0.1091923713684082
0.163173109292984
0.15783804655075073
0.13146339356899261
0.2358984351158142
0.23389530181884766
0.19613076746463776
0.2063884735107422
0.27786368131637573
0.15655022859573364
0.13184760510921478
0.21252338588237762
0.11332543939352036
0.15241849422454834
0.15729054808616638
0.2593332827091217
0.20054206252098083
0.20029288530349731
0.22566105425357819
0.15960726141929626
0.14286619424819946
0.17467942833900452
0.13127833604812622
0.18731798231601715
0.2024436891078949
0.20163646340370178
0.14412592351436615
0.18872809410095215
0.1884063333272934
0.12253908067941666
0.12786005437374115
0.09832119941711426
0.13044373691082
0.21703384816646576
0.14348076283931732
0.20183145999908447
0.16219237446784973
0.20387296378612518
0.23323997855186462
0.2359720915555954
0.21415159106254578
0.15476840734481812
0.22125184535980225
0.15767019987106323
0.1430976539850235
0.24090737104415894
0.24564027786254883
0.12449783086776733
0.13861948251724243
0.1532837301492691
0.17799246311187744
0.15936222672462463
0.12357920408248901
0.17844906449317932
0.10293236374855042
0.18618449568748474
0.16253378987312317
0.09398042410612106
0.12504923343658447
0.17930558323860168
0.11157925426959991
0.3607982099056244
0.15925320982933044
0.11814914643764496
0.16507285833358765
0.20193138718605042
0.12757889926433563
0.20155255496501923
0.19136527180671692
0.16404835879802704
0.22308620810508728
0.10767247527837753
0.17332765460014343
0.1424301266670227
0.1407991647720337
0.14332017302513123
0.27049946784973145
0.1098484992980957
0.26523685455322266
0.13727763295173645
0.1537349671125412
0.17881697416305542
0.1741798222064972
0.12683528661727905
0.11766741424798965
0.23784276843070984
0.1678716242313385
0.24603424966335297
0.2734513282775879
0.11567016690969467
0.2027045041322708
0.2452363222837448
0.10301312804222107
0.22610563039779663
0.15331631898880005
0.2933658957481384
0.17919611930847168
0.17761439085006714
0.14974138140678406
0.2271113395690918
0.17914550006389618
0.19206690788269043
0.08649129420518875
0.1913229078054428
0.21922574937343597
0.10903247445821762
0.17579451203346252
0.17638413608074188
0.282295286655426
0.20159903168678284
0.15648813545703888
0.19233785569667816
0.20203982293605804
0.1163182482123375
0.27115970849990845
0.19521211087703705
0.2234603464603424
0.11803323030471802
0.2926372289657593
0.06804975867271423
0.1611679047346115
0.20393669605255127
0.16115835309028625
0.2704841196537018
0.16827502846717834
0.1919885128736496
0.18018534779548645
0.17561551928520203
0.19244350492954254
0.1880332976579666
0.11295490711927414
0.24540236592292786
0.19411423802375793
0.2141667902469635
0.17711126804351807
0.18702355027198792
0.20560333132743835
0.18674172461032867
0.15716251730918884
0.1760677546262741
0.16111081838607788
0.10609646141529083
0.20299947261810303
0.2089739739894867
0.201797753572464
0.1993108093738556
0.123161181807518
0.20922896265983582
0.20694756507873535
0.17220178246498108
0.16689787805080414
0.2852219343185425
0.17159420251846313
0.1638479381799698
0.17193108797073364
0.19424881041049957
0.19631549715995789
0.2296532690525055
0.1889658272266388
0.16596394777297974
0.24142566323280334
0.21049822866916656
0.12272872030735016
0.13967660069465637
0.17559105157852173
0.08358324319124222
0.1929251253604889
0.1689508557319641
0.1604853719472885
0.21141734719276428
0.2035740166902542
0.18291941285133362
0.13868801295757294
0.1940872222185135
0.14828458428382874
0.09589250385761261
0.30633246898651123
0.11074955761432648
0.14705049991607666
0.17444708943367004
0.18925562500953674
0.1732063889503479
0.15515872836112976
0.1660480797290802
0.23436762392520905
0.2327248901128769
0.12202692031860352
0.23652848601341248
0.21931597590446472
0.2173328697681427
0.18925884366035461
0.15957072377204895
0.1537829339504242
0.23197732865810394
0.1684073954820633
0.253758043050766
0.17792624235153198
0.21842265129089355
0.19416357576847076
0.18114297091960907
0.22339141368865967
0.21555638313293457
0.2523948550224304
0.13749414682388306
0.21464893221855164
0.22976645827293396
0.21369796991348267
0.1571950912475586
0.24328270554542542
0.16644787788391113
0.1215522438287735
0.21626216173171997
0.23271742463111877
0.19326859712600708
0.15215662121772766
0.1066245436668396
0.20461997389793396
0.20321272313594818
0.1738753616809845
0.1747475117444992
0.1918119490146637
0.23322659730911255
0.2921753525733948
0.1562255620956421
0.2829933166503906
0.2006080150604248
0.15165066719055176
0.1962548792362213
0.15854167938232422
0.11901624500751495
0.22905808687210083
0.14911800622940063
0.14627748727798462
0.12240931391716003
0.29854297637939453
0.1847296506166458
0.17529940605163574
0.2313109040260315
0.12200331687927246
0.1449713110923767
0.1410299390554428
0.21195662021636963
0.14235539734363556
0.15671753883361816
0.11516018211841583
0.23192861676216125
0.10180908441543579
0.20275181531906128
0.2387213408946991
0.20809362828731537
0.1727622002363205
0.1313207745552063
0.26439571380615234
0.214025616645813
0.19111815094947815
0.19323253631591797
0.15351885557174683
0.1707015335559845
0.17952099442481995
0.2304055094718933
0.13440150022506714
0.18437939882278442
0.21772584319114685
0.19444018602371216
0.14039723575115204
0.20254075527191162
0.17586320638656616
0.1596883088350296
0.1181996613740921
0.22141164541244507
0.2016477882862091
0.14984074234962463
0.2508074641227722
0.2057802677154541
0.313212513923645
0.144196018576622
0.1728893518447876
0.23223744332790375
0.16582998633384705
0.12869605422019958
0.18600159883499146
0.13596469163894653
0.21364355087280273
0.23109562695026398
0.18252381682395935
0.15398898720741272
0.24276725947856903
0.13855654001235962
0.22251515090465546
0.14961250126361847
0.14176693558692932
0.1943030059337616
0.2111416757106781
0.18762847781181335
0.18134260177612305
0.17723912000656128
0.1487826406955719
0.212074413895607
0.1577899008989334
0.223673015832901
0.15432587265968323
0.20524992048740387
0.2544323801994324
0.22926227748394012
0.17399565875530243
0.2506410479545593
0.18924036622047424
0.1899925172328949
0.18961410224437714
0.16856390237808228
0.14901435375213623
0.15725941956043243
0.1898002177476883
0.2504217028617859
0.1479804515838623
0.2644987404346466
0.2343054860830307
0.1756897270679474
0.21800443530082703
0.1526961326599121
0.21190407872200012
0.18955335021018982
0.2343117892742157
0.20280945301055908
0.16457593441009521
0.23093973100185394
0.2217901051044464
0.17309479415416718
0.22960253059864044
0.1911703646183014
0.17611339688301086
0.265264093875885
0.2163582742214203
0.20982202887535095
0.08280074596405029
0.12586024403572083
0.13452260196208954
0.2714366912841797
0.1931251883506775
0.24581250548362732
0.11886219680309296
0.18150241672992706
0.18652234971523285
0.1154090166091919
0.20067304372787476
0.1911284625530243
0.1637485921382904
0.20581063628196716
0.1416933536529541
0.12821795046329498
0.18537217378616333
0.15060222148895264
0.21605975925922394
0.1586882770061493
0.21670347452163696
0.22337645292282104
0.20094752311706543
0.15127025544643402
0.19629737734794617
0.1722019612789154
0.16910916566848755
0.2390480637550354
0.2076539397239685
0.2788454294204712
0.17922048270702362
0.18240076303482056
0.13473588228225708
0.19781063497066498
0.21941792964935303
0.28810083866119385
0.11096154153347015
0.10414031893014908
0.15601634979248047
0.22176654636859894
0.11327113956212997
0.16770902276039124
0.15799087285995483
0.16996604204177856
0.15022362768650055
0.10720482468605042
0.12957097589969635
0.15198209881782532
0.17822517454624176
0.1751193106174469
0.2742641568183899
0.10880617797374725
0.20237606763839722
0.19134341180324554
0.1247733011841774
0.17823423445224762
0.23205804824829102
0.16634266078472137
0.1740737408399582
0.17080163955688477
0.19219660758972168
0.17549914121627808
0.18509212136268616
0.15170720219612122
0.1325872838497162
0.14905765652656555
0.22038963437080383
0.18850868940353394
0.24186232686042786
0.1952638477087021
0.22387266159057617
0.11968811601400375
0.15002311766147614
0.1808517426252365
0.16619853675365448
0.18744471669197083
0.22362098097801208
0.1813673973083496
0.15834841132164001
0.1666349321603775
0.2861502468585968
0.12444164603948593
0.11901351064443588
0.2359057068824768
0.21087832748889923
0.15411868691444397
0.1783703863620758
0.14104114472866058
0.10899598896503448
0.16876614093780518
0.15399101376533508
0.2556644082069397
0.2053672969341278
0.17305055260658264
0.1716347187757492
0.18906310200691223
0.19598418474197388
0.18135643005371094
0.16971656680107117
0.1481322944164276
0.3039303719997406
0.153919979929924
0.13319247961044312
0.21295034885406494
0.1042134091258049
0.13540709018707275
0.22816897928714752
0.13919201493263245
0.2010325789451599
0.25501811504364014
0.22357559204101562
0.18391664326190948
0.16823922097682953
0.13078173995018005
0.1821502149105072
0.2173575758934021
0.23394733667373657
0.17316606640815735
0.23770122230052948
0.1702561229467392
0.1247965395450592
0.22332510352134705
0.15333914756774902
0.23638156056404114
0.12967438995838165
0.1480427086353302
0.13645115494728088
0.1777050793170929
0.2086636871099472
0.1848534792661667
0.24423548579216003
0.16967114806175232
0.2540974020957947
0.16858814656734467
0.2049456685781479
0.2259136438369751
0.16661807894706726
0.166549950838089
0.16978198289871216
0.22538647055625916
0.20090225338935852
0.18310166895389557
0.1880577951669693
0.19624584913253784
0.18671834468841553
0.14138263463974
0.24527913331985474
0.17739766836166382
0.21162128448486328
0.21915650367736816
0.15946845710277557
0.25127822160720825
0.1789107620716095
0.11462670564651489
0.13417744636535645
0.21627430617809296
0.21984802186489105
0.2520250678062439
0.18331743776798248
0.20827031135559082
0.19257019460201263
0.2717776894569397
0.2729579210281372
0.22414064407348633
0.21075427532196045
0.18027493357658386
0.22056624293327332
0.17695361375808716
0.23392999172210693
0.17743176221847534
0.2161930501461029
0.18630939722061157
0.11959733814001083
0.25454115867614746
0.18926219642162323
0.1698782593011856
0.16909025609493256
0.13850271701812744
0.14946188032627106
0.09143266826868057
0.16489727795124054
0.19799818098545074
0.13124172389507294
0.19597995281219482
0.170021653175354
0.1151532530784607
0.194545716047287
0.17163807153701782
0.22254791855812073
0.24153079092502594
0.2924976646900177
0.18829147517681122
0.16522622108459473
0.22849911451339722
0.21193434298038483
0.21161815524101257
0.20031696557998657
0.21381409466266632
0.25054672360420227
0.17649102210998535
0.20712627470493317
0.22488565742969513
0.1499529927968979
0.27208077907562256
0.16057337820529938
0.17415779829025269
0.18816304206848145
0.2072596251964569
0.15747620165348053
0.25856518745422363
0.13689583539962769
0.15574544668197632
0.19180642068386078
0.13714711368083954
0.21975524723529816
0.2140049934387207
0.12049846351146698
0.20626230537891388
0.1807822585105896
0.15363949537277222
0.175266832113266
0.13450051844120026
0.12678971886634827
0.1775202751159668
0.2033074051141739
0.14713814854621887
0.24934235215187073
0.22627092897891998
0.13695436716079712
0.24982334673404694
0.19065061211585999
0.1343931406736374
0.20891951024532318
0.2035852074623108
0.14704039692878723
0.16770674288272858
0.09225314110517502
0.155660018324852
0.11229287087917328
0.26270726323127747
0.230553537607193
0.12454070150852203
0.17335635423660278
0.30068448185920715
0.217755526304245
0.17298823595046997
0.15154650807380676
0.12494176626205444
0.21511535346508026
0.23171354830265045
0.17125795781612396
0.09336051344871521
0.14742891490459442
0.17773199081420898
0.17314903438091278
0.15543264150619507
0.21400393545627594
0.16199131309986115
0.17901873588562012
0.18137824535369873
0.18453121185302734
0.17373456060886383
0.3324509859085083
0.20111556351184845
0.18413347005844116
0.16192610561847687
0.1713751256465912
0.22095483541488647
0.2164004147052765
0.19524863362312317
0.13445918262004852
0.1654321402311325
0.17206501960754395
0.18951168656349182
0.12274748086929321
0.11550735682249069
0.16805705428123474
0.14570172131061554
0.11575976014137268
0.17768770456314087
0.17790354788303375
0.13864585757255554
0.08917930722236633
0.31070345640182495
0.2407664805650711
0.14011123776435852
0.21427524089813232
0.21890844404697418
0.23269373178482056
0.16929110884666443
0.1893083155155182
0.1928253173828125
0.18300995230674744
0.14105628430843353
0.17914123833179474
0.15331706404685974
0.1859068125486374
0.1608380675315857
0.12284152209758759
0.08969488739967346
0.2238851636648178
0.22232413291931152
0.18836742639541626
0.13774706423282623
0.16668179631233215
0.17321936786174774
0.1719469279050827
0.20947101712226868
0.11016280204057693
0.1306466907262802
0.18095922470092773
0.14451120793819427
0.17867475748062134
0.19374477863311768
0.17110991477966309
0.20849275588989258
0.16482087969779968
0.11663821339607239
0.1066809743642807
0.18439307808876038
0.17358626425266266
0.1642855703830719
0.1762559413909912
0.27615073323249817
0.13934269547462463
0.2113979458808899
0.15557849407196045
0.1490350067615509
0.1826140284538269
0.09411170333623886
0.18984296917915344
0.21124255657196045
0.10780739784240723
0.16598030924797058
0.13359081745147705
0.14959728717803955
0.16263417899608612
0.15259847044944763
0.16141045093536377
0.17943736910820007
0.25798794627189636
0.17307011783123016
0.18054479360580444
0.2666979134082794
0.3473384380340576
0.19856519997119904
0.2540397346019745
0.15537536144256592
0.20010241866111755
0.19981524348258972
0.31989550590515137
0.13559077680110931
0.14786690473556519
0.14973431825637817
0.2340668886899948
0.15447509288787842
0.19777071475982666
0.19092345237731934
0.326131671667099
0.19857054948806763
0.12946738302707672
0.17562761902809143
0.17624732851982117
0.1395408809185028
0.1870003193616867
0.16279920935630798
0.20090487599372864
0.17970725893974304
0.14120939373970032
0.16367612779140472
0.18265071511268616
0.15599870681762695
0.15471559762954712
0.20762383937835693
0.17982150614261627
0.11211246997117996
0.18390871584415436
0.17925748229026794
0.23849686980247498
0.15175074338912964
0.1582486480474472
0.1867164969444275
0.25865086913108826
0.2329467535018921
0.2319774031639099
0.1583959460258484
0.16347388923168182
0.21370722353458405
0.19307079911231995
0.13762107491493225
0.14440983533859253
0.17113691568374634
0.18049663305282593
0.11919084191322327
0.19158390164375305
0.18976396322250366
0.2609683871269226
0.1954292207956314
0.07698558270931244
0.06466060876846313
0.2229449450969696
0.15737564861774445
0.1938685178756714
0.14840686321258545
0.21402907371520996
0.24198918044567108
0.23546643555164337
0.1721629500389099
0.28849655389785767
0.14530785381793976
0.20474451780319214
0.18730250000953674
0.16128408908843994
0.20379836857318878
0.21144911646842957
0.17013214528560638
0.19979257881641388
0.18235474824905396
0.21226748824119568
0.21019208431243896
0.092190220952034
0.1783132553100586
0.1696418970823288
0.2447231262922287
0.14253750443458557
0.1033322811126709
0.20293493568897247
0.16558098793029785
0.1472049057483673
0.2176581621170044
0.14689326286315918
0.2662314176559448
0.15086877346038818
0.25675857067108154
0.11361774802207947
0.15312939882278442
0.14189296960830688
0.19995281100273132
0.15296655893325806
0.17334261536598206
0.18057739734649658
0.20335134863853455
0.13056643307209015
0.15282218158245087
0.10244520753622055
0.20154660940170288
0.171473428606987
0.2011203169822693
0.23048135638237
0.22116796672344208
0.1608428955078125
0.14699210226535797
0.1841275990009308
0.2729567289352417
0.13256165385246277
0.1213856190443039
0.18989111483097076
0.22418494522571564
0.14726561307907104
0.13994185626506805
0.18518075346946716
0.158541738986969
0.21186940371990204
0.18929442763328552
0.12105457484722137
0.1729099601507187
0.21666894853115082
0.1965252161026001
0.22113317251205444
0.136857271194458
0.275875061750412
0.22461901605129242
0.17944428324699402
0.07415343821048737
0.15712261199951172
0.1602436751127243
0.17655137181282043
0.19402897357940674
0.21531929075717926
0.19271200895309448
0.1072864681482315
0.1403011828660965
0.18416734039783478
0.13620777428150177
0.13991782069206238
0.19730474054813385
0.23934777081012726
0.2089565396308899
