0.6821011304855347
0.6914830803871155
0.6752193570137024
0.658825695514679
0.6412066221237183
0.6249951720237732
0.6038468480110168
0.581836998462677
0.5675448775291443
0.5408898591995239
0.5336236357688904
0.5181037783622742
0.5016775727272034
0.4839349389076233
0.4539676010608673
0.4355778098106384
0.4375336170196533
0.416582316160202
0.39884161949157715
0.4082472026348114
0.38727158308029175
0.3942625820636749
0.37404951453208923
0.3517473042011261
0.3367978632450104
0.3548525273799896
0.3233904242515564
0.3199908435344696
0.32174965739250183
0.273982971906662
0.29217806458473206
0.27602821588516235
0.34038352966308594
0.3063991665840149
0.26745229959487915
0.26176467537879944
0.2820148766040802
0.27508366107940674
0.27225261926651
0.25041112303733826
0.2238779067993164
0.22149701416492462
0.25012096762657166
0.23806752264499664
0.2763972878456116
0.25304824113845825
0.22741661965847015
0.17684784531593323
0.20196695625782013
0.22121258080005646
0.23867128789424896
0.2116462141275406
0.23649583756923676
0.22629414498806
0.2216813713312149
0.27187901735305786
0.25628095865249634
0.20225124061107635
0.18706326186656952
0.23675310611724854
0.17686687409877777
0.21384195983409882
0.20604459941387177
0.1864701509475708
0.2252926528453827
0.2704729437828064
0.19161008298397064
0.2121889889240265
0.2018972784280777
0.17915426194667816
0.20859943330287933
0.20198652148246765
0.2514462172985077
0.15612848103046417
0.19187955558300018
0.17352358996868134
0.1748506873846054
0.22778531908988953
0.24309603869915009
0.20907829701900482
0.1672743707895279
0.2064770758152008
0.1991027146577835
0.22087253630161285
0.2069242149591446
0.18744738399982452
0.17434357106685638
0.20845970511436462
0.22478649020195007
0.21190741658210754
0.208699569106102
0.1734457165002823
0.14737309515476227
0.1908751279115677
0.2423103302717209
0.2105761468410492
0.1275664120912552
0.16813448071479797
0.20837338268756866
0.19707797467708588
0.19783534109592438
0.1662406623363495
0.1711147129535675
0.1981169432401657
0.19732587039470673
0.16314765810966492
0.14783810079097748
0.23804856836795807
0.16800011694431305
0.258049875497818
0.24120180308818817
0.16571176052093506
0.14990432560443878
0.2555882930755615
0.23443232476711273
0.19084075093269348
0.169557586312294
0.17973874509334564
0.2169872671365738
0.20464514195919037
0.20844422280788422
0.146156445145607
0.18345198035240173
0.14389947056770325
0.25620532035827637
0.14417609572410583
0.1829777956008911
0.23842334747314453
0.17756757140159607
0.18733961880207062
0.20915678143501282
0.14375285804271698
0.22243626415729523
0.17236821353435516
0.1827283799648285
0.15356744825839996
0.17118346691131592
0.16692283749580383
0.187185138463974
0.1756085604429245
0.18793703615665436
0.19636590778827667
0.16341854631900787
0.1708909124135971
0.18263640999794006
0.22437919676303864
0.14495782554149628
0.19427907466888428
0.18130089342594147
0.1904735267162323
0.14907042682170868
0.22768649458885193
0.1629365235567093
0.13884443044662476
0.16127857565879822
0.19194820523262024
0.1605578511953354
0.17992743849754333
0.16683329641819
0.16852378845214844
0.19426903128623962
0.2081647664308548
0.17346003651618958
0.1523975133895874
0.20146681368350983
0.22111713886260986
0.26037538051605225
0.19467298686504364
0.15588699281215668
0.14376048743724823
0.1696242243051529
0.2460910528898239
0.16710534691810608
0.17091944813728333
0.2066202461719513
0.15589840710163116
0.18862321972846985
0.15970607101917267
0.19284416735172272
0.17755399644374847
0.2022775411605835
0.21829703450202942
0.17990685999393463
0.19738100469112396
0.1908859759569168
0.10647749155759811
0.1798415631055832
0.17004205286502838
0.18908432126045227
0.11629652231931686
0.15368960797786713
0.1987784206867218
0.1084759384393692
0.15114271640777588
0.1817108690738678
0.21951909363269806
0.15084221959114075
0.2187347710132599
0.204244002699852
0.16830894351005554
0.2131516933441162
0.19247297942638397
0.2365446537733078
0.1559516042470932
0.16165684163570404
0.18134517967700958
0.22443178296089172
0.19809937477111816
0.19440634548664093
0.21908725798130035
0.18915578722953796
0.21492072939872742
0.21928365528583527
0.2033775895833969
0.18332624435424805
0.18082639575004578
0.17241965234279633
0.24608799815177917
0.19401724636554718
0.20908920466899872
0.19505073130130768
0.1929052621126175
0.20377670228481293
0.17957958579063416
0.13688449561595917
0.1765785962343216
0.19664247334003448
0.16986989974975586
0.1467890590429306
0.20474831759929657
0.1624453067779541
0.14883564412593842
0.18847058713436127
0.22510795295238495
0.22632619738578796
0.15302862226963043
0.28944629430770874
0.18379585444927216
0.12799544632434845
0.21624721586704254
0.13907253742218018
0.17643575370311737
0.19872352480888367
0.22415968775749207
0.23386003077030182
0.19491437077522278
0.17783188819885254
0.21712853014469147
0.19665022194385529
0.18368838727474213
0.15763862431049347
0.12969742715358734
0.19076737761497498
0.22427907586097717
0.16569657623767853
0.1678437739610672
0.21819917857646942
0.1439650058746338
0.16784824430942535
0.24938622117042542
0.1889960765838623
0.2110556811094284
0.18112149834632874
0.17210498452186584
0.27622857689857483
0.2070973962545395
0.1990661323070526
0.18494930863380432
0.21697483956813812
0.18545518815517426
0.23246076703071594
0.2087184190750122
0.1871900111436844
0.20990093052387238
0.16746778786182404
0.2429804503917694
0.15247109532356262
0.13460634648799896
0.2192421704530716
0.1582178920507431
0.2101856768131256
0.13580800592899323
0.12742741405963898
0.17318150401115417
0.2129448801279068
0.18120287358760834
0.194608673453331
0.1319902390241623
0.1458239108324051
0.19886991381645203
0.12372998148202896
0.1647227704524994
0.19453957676887512
0.23259852826595306
0.17337195575237274
0.135552778840065
0.1545865535736084
0.22157226502895355
0.14838065207004547
0.1578664481639862
0.1826007068157196
0.22341512143611908
0.1749427765607834
0.117624931037426
0.1791944056749344
0.20665736496448517
0.14342932403087616
0.16527952253818512
0.1530541628599167
0.21860897541046143
0.18884243071079254
0.2147212028503418
0.1553502231836319
0.1648683100938797
0.15940384566783905
0.20615412294864655
0.18134815990924835
0.19363948702812195
0.1279371678829193
0.17092406749725342
0.16280069947242737
0.1569678783416748
0.16342349350452423
0.1539764404296875
0.1949855089187622
0.21215955913066864
0.18350578844547272
0.21115411818027496
0.18379314243793488
0.21305732429027557
0.16859011352062225
0.13212773203849792
0.19975046813488007
0.1486777812242508
0.22209832072257996
0.11233503371477127
0.14322562515735626
0.22135600447654724
0.1608983278274536
0.1650630086660385
0.13833802938461304
0.17839881777763367
0.1680605560541153
0.1861792355775833
0.1882321983575821
0.22938619554042816
0.15134365856647491
0.1955157071352005
0.1657145768404007
0.1908668428659439
0.24775412678718567
0.2002837210893631
0.20806917548179626
0.16072799265384674
0.17127062380313873
0.20396682620048523
0.1439642459154129
0.22077436745166779
0.18343813717365265
0.17697927355766296
0.1891140639781952
0.1154090091586113
0.20389141142368317
0.15531407296657562
0.14187170565128326
0.18792566657066345
0.17706133425235748
0.23904845118522644
0.18869797885417938
0.22645170986652374
0.17230047285556793
0.21470260620117188
0.2159327119588852
0.1642150729894638
0.17908033728599548
0.14549300074577332
0.19348935782909393
0.18121729791164398
0.164674311876297
0.20680953562259674
0.17740818858146667
0.21880535781383514
0.21847622096538544
0.20434489846229553
0.1661679446697235
0.23140735924243927
0.20601578056812286
0.18344645202159882
0.24886047840118408
0.18955793976783752
0.181558296084404
0.11678571999073029
0.20073096454143524
0.2168641835451126
0.21499978005886078
0.22864487767219543
0.17207883298397064
0.1896248757839203
0.2251703441143036
0.15368320047855377
0.18061523139476776
0.2023182064294815
0.21884611248970032
0.20680387318134308
0.20876288414001465
0.1576889604330063
0.19985108077526093
0.1509465128183365
0.157695934176445
0.18104031682014465
0.15310342609882355
0.18509022891521454
0.16499531269073486
0.1441732943058014
0.24045750498771667
0.17608845233917236
0.20420214533805847
0.1953253298997879
0.14785781502723694
0.20833368599414825
0.21021459996700287
0.13270142674446106
0.13278789818286896
0.18440110981464386
0.17692327499389648
0.22927960753440857
0.20316345989704132
0.1915062516927719
0.1292486935853958
0.2499653846025467
0.18109333515167236
0.18286611139774323
0.17595191299915314
0.2082679569721222
0.2375108152627945
0.1715671867132187
0.1482880562543869
0.1923077404499054
0.2366582155227661
0.17851392924785614
0.1917182207107544
0.1849633753299713
0.20521830022335052
0.15245477855205536
0.2311488837003708
0.15945693850517273
0.1661996841430664
0.21134914457798004
0.20100761950016022
0.29042473435401917
0.29040271043777466
0.22812333703041077
0.176185742020607
0.1393546611070633
0.22449423372745514
0.2288816124200821
0.1763397753238678
0.16323301196098328
0.1821969598531723
0.14012081921100616
0.24982380867004395
0.16901762783527374
0.1559871882200241
0.1856992244720459
0.26149415969848633
0.17729556560516357
0.21746957302093506
0.179782435297966
0.19967058300971985
0.1405109465122223
0.17844781279563904
0.17469842731952667
0.2731625735759735
0.19781365990638733
0.18000733852386475
0.153898224234581
0.2072623074054718
0.15502814948558807
0.17692552506923676
0.12243283540010452
0.15860366821289062
0.19712631404399872
0.15790221095085144
0.14270560443401337
0.2203555852174759
0.2239496260881424
0.1966938078403473
0.12010544538497925
0.1452784240245819
0.19609370827674866
0.24527065455913544
0.18607187271118164
0.11578119546175003
0.23707786202430725
0.17890918254852295
0.2079484611749649
0.1674371063709259
0.17046213150024414
0.20966438949108124
0.21511904895305634
0.19324073195457458
0.251085489988327
0.19176742434501648
0.17921504378318787
0.18128812313079834
0.20794737339019775
0.16009776294231415
0.174673929810524
0.16810284554958344
0.17950963973999023
0.14961309731006622
0.192067489027977
0.18538962304592133
0.15483346581459045
0.1551845371723175
0.19062139093875885
0.1465887725353241
0.19054797291755676
0.2261965125799179
0.2430732399225235
0.1949974149465561
0.14548911154270172
0.2036830484867096
0.19557105004787445
0.16853126883506775
0.1767466813325882
0.20736297965049744
0.19658944010734558
0.11897259205579758
0.1671164184808731
0.18659742176532745
0.16025839745998383
0.21578894555568695
0.15886247158050537
0.1879604160785675
0.16474230587482452
0.25191202759742737
0.20023305714130402
0.20981526374816895
0.18967601656913757
0.2300516664981842
0.21380113065242767
0.20190729200839996
0.1952493041753769
0.16365519165992737
0.1671653538942337
0.16533181071281433
0.1756342500448227
0.23545877635478973
0.17873962223529816
0.2436733990907669
0.15940256416797638
0.1661084145307541
0.10135561972856522
0.19480092823505402
0.2087085098028183
0.15279437601566315
0.1534893810749054
0.21252919733524323
0.18076883256435394
0.1536632925271988
0.1903856098651886
0.17685218155384064
0.2141834944486618
0.17511077225208282
0.18653631210327148
0.1768692284822464
0.1595592051744461
0.137666255235672
0.15347576141357422
