2.253221464343369e-05
8.093639917206019e-05
6.433668750105426e-05
6.713564653182402e-05
5.66936178074684e-05
5.3866486268816516e-05
5.273503120406531e-05
5.5140641052275896e-05
5.779212369816378e-05
4.6755827497690916e-05
4.669006011681631e-05
5.673606210621074e-05
5.0636273954296485e-05
5.321284697856754e-05
5.143668386153877e-05
4.656282180803828e-05
4.795443237526342e-05
6.379566912073642e-05
6.191245483933017e-05
5.671936378348619e-05
5.0385642680339515e-05
5.666569632012397e-05
4.9045891501009464e-05
6.524527998408303e-05
5.103132571093738e-05
5.4390977311413735e-05
5.87888753216248e-05
5.641631651087664e-05
6.192838191054761e-05
6.148842658149078e-05
5.4989395721349865e-05
5.024388156016357e-05
5.952421997790225e-05
4.93752486363519e-05
5.964409137959592e-05
5.57486891921144e-05
5.5063224863260984e-05
5.298514224705286e-05
6.368447066051885e-05
6.111511174822226e-05
5.163205787539482e-05
5.7784694945439696e-05
5.166703704162501e-05
5.7937169913202524e-05
5.7484980061417446e-05
5.439597225631587e-05
5.077020250610076e-05
5.881896140635945e-05
5.647323268931359e-05
6.22389925410971e-05
6.278487126110122e-05
5.6990764278452843e-05
6.260580266825855e-05
5.333791705197655e-05
6.277540524024516e-05
4.6767461753915995e-05
6.843692244729027e-05
6.095498247304931e-05
5.159364081919193e-05
5.711758421966806e-05
4.919016646454111e-05
5.713035352528095e-05
5.898194285691716e-05
5.622067692456767e-05
4.7743604227434844e-05
5.584530299529433e-05
5.017379589844495e-05
5.534745650948025e-05
5.018179945182055e-05
5.8516510762274265e-05
6.175433372845873e-05
5.43400201422628e-05
5.835561751155183e-05
4.6041528548812494e-05
5.858031363459304e-05
4.907405673293397e-05
5.924096331000328e-05
5.655650966218673e-05
5.12000078742858e-05
5.5794938816688955e-05
5.57409948669374e-05
5.842895188834518e-05
5.15458632435184e-05
6.258209759835154e-05
5.347672777133994e-05
5.1509090553736314e-05
5.7294982980238274e-05
6.82527243043296e-05
5.7670076785143465e-05
4.5955501263961196e-05
5.359748683986254e-05
5.4899945098441094e-05
5.5884403991512954e-05
5.414821862359531e-05
5.4335363529389724e-05
4.8551723011769354e-05
6.141277845017612e-05
5.080620030639693e-05
5.305829836288467e-05
6.0866826970595866e-05
5.468463496072218e-05
