1.1777393817901611
0.5124892592430115
0.3340059518814087
0.37202638387680054
0.2414349913597107
0.22776103019714355
0.4525420665740967
0.21421068906784058
0.3135114908218384
0.24159738421440125
0.3116653561592102
0.10793647170066833
0.22772042453289032
0.40193021297454834
0.26237183809280396
0.409749299287796
0.6120055913925171
0.18142083287239075
0.4545535147190094
0.244927778840065
0.39163529872894287
0.2631825804710388
0.17774787545204163
0.3270305097103119
0.19178447127342224
0.2676299810409546
