0.6948444843292236
0.692885160446167
0.6862907409667969
0.6755861639976501
0.6675348281860352
0.6550705432891846
0.646897554397583
0.6369298100471497
0.626318097114563
0.6144107580184937
0.6191756725311279
0.6043938398361206
0.588431715965271
0.5782671570777893
0.5694606304168701
0.5664061307907104
0.560536801815033
0.5468573570251465
0.5545876622200012
0.5208972692489624
0.5338813066482544
0.5138702392578125
0.5075637102127075
0.5175946354866028
0.4944972097873688
0.49488842487335205
0.4579106867313385
0.47795403003692627
0.463051974773407
0.45311349630355835
0.4603457450866699
0.43536972999572754
0.4181818664073944
0.4168027341365814
0.40928471088409424
0.41291043162345886
0.38679444789886475
0.37767767906188965
0.38907748460769653
0.34091615676879883
0.361349880695343
0.3473731577396393
0.3331402838230133
0.3347075879573822
0.295613169670105
0.30563992261886597
0.27125078439712524
0.2833496928215027
0.2630980312824249
0.25646379590034485
0.2521207928657532
0.27784818410873413
0.24612650275230408
0.22368043661117554
0.2886574864387512
0.2043655514717102
0.27359384298324585
0.12805044651031494
0.19077634811401367
0.2121172845363617
0.27404239773750305
0.3172810673713684
0.2732084095478058
0.13761116564273834
0.23391133546829224
0.19360989332199097
0.2102993130683899
0.10620763152837753
0.08937132358551025
0.15618252754211426
0.25941962003707886
0.13113448023796082
0.17288655042648315
0.22645686566829681
0.17810115218162537
0.3069314658641815
0.3034582734107971
0.1806320697069168
0.16491276025772095
0.22923120856285095
0.23467600345611572
0.11157606542110443
0.15706774592399597
0.14042356610298157
0.14126992225646973
0.2367154210805893
0.1853930950164795
0.09252411127090454
0.1775825470685959
0.15630501508712769
0.12801893055438995
0.16035546362400055
0.19027575850486755
0.16661743819713593
0.19659096002578735
0.1994943916797638
0.15111687779426575
0.16057299077510834
0.15206575393676758
0.21641796827316284
0.21351070702075958
0.14205724000930786
0.206129789352417
0.25587552785873413
0.17732283473014832
0.1741361767053604
0.2111274003982544
0.15334764122962952
0.22862058877944946
0.2339613139629364
0.22064189612865448
0.22192314267158508
0.11550400406122208
0.3034171462059021
0.15569698810577393
0.1409440040588379
0.18098759651184082
0.12499693036079407
0.1848047971725464
0.16408304870128632
0.26999107003211975
0.19582849740982056
0.27973252534866333
0.14133204519748688
0.20208914577960968
0.16410662233829498
0.15674163401126862
0.14444401860237122
0.20119309425354004
0.11153041571378708
0.23955172300338745
0.21419844031333923
0.1238408014178276
0.20731285214424133
0.13080179691314697
0.18100199103355408
0.25554120540618896
0.24356123805046082
0.24075978994369507
0.20150575041770935
0.16952452063560486
0.1359814554452896
0.20152249932289124
0.14485344290733337
0.2142505943775177
0.2028181552886963
0.2329687476158142
0.14642269909381866
0.18255823850631714
0.18399232625961304
0.10080888867378235
0.23121757805347443
0.23432081937789917
0.2005530595779419
0.1984364539384842
0.17545434832572937
0.16723960638046265
0.13092640042304993
0.15352725982666016
0.23195381462574005
0.07512561231851578
0.09295298159122467
0.1541745811700821
0.20384003221988678
0.16154934465885162
0.19892820715904236
0.17054304480552673
0.11682967096567154
0.14068514108657837
0.16977491974830627
0.15747331082820892
0.1620856523513794
0.16044136881828308
0.22662334144115448
0.24764783680438995
0.3248364329338074
0.1674911379814148
0.14052386581897736
0.24902558326721191
0.13069181144237518
0.19480189681053162
0.2733907997608185
0.22526097297668457
0.16172245144844055
0.13043661415576935
0.15086746215820312
0.19099101424217224
0.256555438041687
0.18226903676986694
0.16894295811653137
0.2161027491092682
0.10462093353271484
0.20066091418266296
0.15535496175289154
0.19932198524475098
0.20595887303352356
0.2725352644920349
0.1806984841823578
0.1453946828842163
0.25073006749153137
0.2261112779378891
0.2460045963525772
0.27198526263237
0.18658992648124695
0.2253698855638504
0.20980364084243774
0.14594131708145142
0.1782020777463913
0.17763857543468475
0.15251237154006958
0.2429487258195877
0.15157902240753174
0.16959363222122192
0.264046311378479
0.2170214056968689
0.1820949763059616
0.24829404056072235
0.17264293134212494
0.2079135775566101
0.16544947028160095
0.2206924855709076
0.20165516436100006
0.23561087250709534
0.21847984194755554
0.12110947072505951
0.13776755332946777
0.1671832799911499
0.1142895519733429
0.16255176067352295
0.13358941674232483
0.1590886116027832
0.126224547624588
0.1776222288608551
0.19166618585586548
0.2507859170436859
0.11345000565052032
0.20049643516540527
0.20971164107322693
0.1705445796251297
0.1567961871623993
0.25620919466018677
0.16506129503250122
0.19111096858978271
0.12914761900901794
0.15422296524047852
0.24060401320457458
0.16022200882434845
0.21862807869911194
0.19130448997020721
0.16279816627502441
0.2839239239692688
0.16211627423763275
0.19844239950180054
0.17818911373615265
0.21219074726104736
0.15788564085960388
0.16156107187271118
0.18676024675369263
0.2495037168264389
0.10423309355974197
0.18585684895515442
0.12364066392183304
0.3433574438095093
0.21366971731185913
0.16047120094299316
0.23474527895450592
0.14834055304527283
0.17665541172027588
0.26072436571121216
0.26918458938598633
0.19316858053207397
0.17813345789909363
0.13827067613601685
0.21438199281692505
0.1299249827861786
0.14518867433071136
0.2854725420475006
0.2529600262641907
0.1635575145483017
0.15267032384872437
0.24640429019927979
0.12926742434501648
0.1818876564502716
0.18452200293540955
0.1992195099592209
0.165018230676651
0.2313743233680725
0.1924746185541153
0.25514885783195496
0.19727876782417297
0.1438458263874054
0.26293814182281494
0.21002233028411865
0.10451062023639679
0.2169034630060196
0.19800975918769836
0.0950905904173851
0.3040960431098938
0.19805081188678741
0.18585741519927979
0.17793986201286316
0.1592365950345993
0.11652688682079315
0.22147119045257568
0.1839577853679657
0.21131744980812073
0.14357811212539673
0.10873734205961227
0.15611805021762848
0.20308145880699158
0.2680627107620239
0.17969974875450134
0.2177991271018982
0.22944770753383636
0.18888141214847565
0.2850884199142456
0.12206398695707321
0.18639463186264038
0.14939212799072266
0.14458072185516357
0.16275127232074738
0.2084660530090332
0.18078042566776276
0.23561882972717285
0.16824331879615784
0.1434560865163803
0.19048772752285004
0.15153725445270538
0.1873578131198883
0.16705088317394257
0.15996500849723816
0.23005986213684082
0.10656774044036865
0.17571821808815002
0.18913236260414124
0.181566059589386
0.1919497847557068
0.2158069610595703
0.12571674585342407
0.14630480110645294
0.14684133231639862
0.1863587498664856
0.25118112564086914
0.19975973665714264
0.2757710814476013
0.23512406647205353
0.21269643306732178
0.16870972514152527
0.2281394600868225
0.19336459040641785
0.18590113520622253
0.20893022418022156
0.23528671264648438
0.18905216455459595
0.1737338900566101
0.17764033377170563
0.18532708287239075
0.19066175818443298
0.18339186906814575
0.1835021823644638
0.2229275107383728
0.10592538118362427
0.12212646007537842
0.2432948350906372
0.2568909525871277
0.18905867636203766
0.2629629373550415
0.161658376455307
0.2043834626674652
0.16288550198078156
0.11450780928134918
0.20389950275421143
0.18095919489860535
0.2679799497127533
0.16554352641105652
0.1360742449760437
0.13977956771850586
0.21446377038955688
0.1334177702665329
0.13648423552513123
0.14197346568107605
0.172873854637146
0.10369808971881866
0.22801128029823303
0.16549144685268402
0.20927810668945312
0.11856608092784882
0.16286061704158783
0.21003583073616028
0.19365528225898743
0.18406423926353455
0.12907849252223969
0.17157042026519775
0.1773242950439453
0.16238580644130707
0.17876437306404114
0.18504634499549866
0.1717199683189392
0.30160099267959595
0.1066150888800621
0.16697371006011963
0.15745998919010162
0.22261320054531097
0.11182583123445511
0.16166158020496368
0.15696856379508972
0.1672528237104416
0.28665614128112793
0.13814890384674072
0.20765182375907898
0.179956316947937
0.1619463413953781
0.19940361380577087
0.21384543180465698
0.10318045318126678
0.17901797592639923
0.2009052038192749
0.1536625325679779
0.18100130558013916
0.1433783769607544
0.17130699753761292
0.18054427206516266
0.16849681735038757
0.11950770020484924
0.12834134697914124
0.1561930924654007
0.18673650920391083
0.21291711926460266
0.17489144206047058
0.1575475037097931
0.24063682556152344
0.23827746510505676
0.21501043438911438
0.21427014470100403
0.16324880719184875
0.2953391671180725
0.15305721759796143
0.17887341976165771
0.28088709712028503
0.0856715589761734
0.21107497811317444
0.14330101013183594
0.20452949404716492
0.21106576919555664
0.1542225480079651
0.13820023834705353
0.13246670365333557
0.24760496616363525
0.1614147126674652
0.18582752346992493
0.24268463253974915
0.15336357057094574
0.2247847318649292
0.1927555948495865
0.12327885627746582
0.2389812469482422
0.21096515655517578
0.17968587577342987
0.1668960154056549
0.2457294464111328
0.18353968858718872
0.09009785205125809
0.15494590997695923
0.2150270640850067
0.24665513634681702
0.18165528774261475
0.20946413278579712
0.2216145247220993
0.1158667802810669
0.1480945348739624
0.2021821290254593
0.11152337491512299
0.21315127611160278
0.2090335488319397
0.11385966837406158
0.12040690332651138
0.1590830683708191
0.20872923731803894
0.1845528781414032
0.16102059185504913
0.12051741778850555
0.19575491547584534
0.1751234233379364
0.21975943446159363
0.13568130135536194
0.11761556565761566
0.256164014339447
0.19604802131652832
0.1421734094619751
0.2096785455942154
0.2688785493373871
0.22182457149028778
0.12889046967029572
0.2257143259048462
0.1874016374349594
0.13658353686332703
0.19954107701778412
0.1811392605304718
0.18460291624069214
0.14771947264671326
0.1783641129732132
0.21417635679244995
0.22520461678504944
0.3199794888496399
0.11738359183073044
0.16075623035430908
0.2575136125087738
0.18280483782291412
0.19422617554664612
0.19229377806186676
0.16710183024406433
0.2409285604953766
0.24322578310966492
0.21666836738586426
0.1586681306362152
0.17894616723060608
0.21067288517951965
0.20023909211158752
0.24097439646720886
0.2363116592168808
0.13513194024562836
0.22412380576133728
0.17098522186279297
0.1467297375202179
0.1335058957338333
0.13110490143299103
0.25373563170433044
0.13357704877853394
0.1436476707458496
0.1650419682264328
0.1964191049337387
0.13625138998031616
0.24418196082115173
0.2733578085899353
0.2673887610435486
0.21002349257469177
0.1509176343679428
0.32973355054855347
0.07941732555627823
0.13620516657829285
0.21365363895893097
0.24137356877326965
0.17510314285755157
0.13734370470046997
0.2331569641828537
0.17237302660942078
0.14696966111660004
0.19286474585533142
0.18588291108608246
0.23380929231643677
0.1775599718093872
0.11937381327152252
0.1670176088809967
0.16267314553260803
0.17916099727153778
0.1813899129629135
0.14205655455589294
0.20366379618644714
0.15487949550151825
0.17288821935653687
0.26788532733917236
0.3334481120109558
0.219159334897995
0.3029896318912506
0.13545550405979156
0.17030681669712067
0.1391967386007309
0.21755345165729523
0.13864818215370178
0.18260018527507782
0.21514445543289185
0.12472961097955704
0.25419318675994873
0.13243287801742554
0.15382260084152222
0.20913131535053253
0.16052421927452087
0.13515354692935944
0.1836494505405426
0.2355010062456131
0.11647668480873108
0.22226180136203766
0.17752553522586823
0.3017013669013977
0.22909986972808838
0.24850088357925415
0.187000572681427
0.2200319766998291
0.16483908891677856
0.1243772804737091
0.17994055151939392
0.19152911007404327
0.14379295706748962
0.13738147914409637
0.26349765062332153
0.16080643236637115
0.2881081700325012
0.19581730663776398
0.21650449931621552
0.1334490180015564
0.21121791005134583
0.13331687450408936
0.20547938346862793
0.1261204481124878
0.20973175764083862
0.1830405443906784
0.17847099900245667
0.21058762073516846
0.1946430206298828
0.19312292337417603
0.232976496219635
0.1566638946533203
0.17145195603370667
0.17026904225349426
0.17307442426681519
0.18935531377792358
0.17223919928073883
0.13329702615737915
0.18285790085792542
0.18670406937599182
0.1997847855091095
0.20396792888641357
0.18342255055904388
0.19354861974716187
0.2438664734363556
0.17964597046375275
0.17219990491867065
0.14966753125190735
0.13776330649852753
0.17790204286575317
0.15552949905395508
0.20018287003040314
0.2056635171175003
0.212224081158638
0.09164635092020035
0.15972822904586792
0.25338098406791687
0.1651460826396942
0.1495356410741806
0.1829393208026886
0.12351083755493164
0.1790977418422699
0.25484782457351685
0.15691055357456207
0.22833329439163208
0.1287831813097
0.14871877431869507
0.19638332724571228
0.18675032258033752
0.2880823314189911
0.09391233325004578
0.1104707270860672
0.26345789432525635
0.13832756876945496
0.16701370477676392
0.1852622926235199
0.16337646543979645
0.1686999350786209
0.16123470664024353
0.17243072390556335
0.21701334416866302
0.16045966744422913
0.2348613291978836
0.17747700214385986
0.13081605732440948
0.1295471489429474
0.13799737393856049
0.15950973331928253
0.1391071230173111
0.23822040855884552
0.1984081119298935
0.19544300436973572
0.24253617227077484
0.17254406213760376
0.15499913692474365
0.17309355735778809
0.27057889103889465
0.28121915459632874
0.13465657830238342
0.11966322362422943
0.23808333277702332
0.18783754110336304
0.2277223914861679
0.17695853114128113
0.21707592904567719
0.19911786913871765
0.20921455323696136
0.16391968727111816
0.18931430578231812
0.18255947530269623
0.11474645882844925
0.20412695407867432
0.17399939894676208
0.18310943245887756
0.17232628166675568
0.15410098433494568
0.2221713364124298
0.19475102424621582
0.15802592039108276
0.10512375831604004
0.2500435709953308
0.20654833316802979
0.13125959038734436
0.15064963698387146
0.14078953862190247
0.20583298802375793
0.23304730653762817
0.24178005754947662
0.2646505534648895
0.13841107487678528
0.13167573511600494
0.23039335012435913
0.169865682721138
0.15339121222496033
0.09789839386940002
0.1886434555053711
0.21602381765842438
0.16526980698108673
0.27460139989852905
0.17003470659255981
0.2460518777370453
0.17212828993797302
0.22821110486984253
0.1812579333782196
0.1574406772851944
0.23433050513267517
0.23547044396400452
0.13269244134426117
0.16168130934238434
0.13952785730361938
0.20472076535224915
0.21968872845172882
0.2952747642993927
0.18068750202655792
0.19521883130073547
0.21193069219589233
0.20393967628479004
0.14618705213069916
0.18420544266700745
0.18739286065101624
0.21444648504257202
0.15562735497951508
0.1831255853176117
0.23882445693016052
0.21580679714679718
0.16525568068027496
0.16159608960151672
0.20748984813690186
0.1570044308900833
0.16911724209785461
0.2179315686225891
0.25292274355888367
0.23306822776794434
0.1314769834280014
0.20671066641807556
0.16258546710014343
0.1598706841468811
0.1772618293762207
0.14817295968532562
0.23185652494430542
0.10545289516448975
0.22726714611053467
0.11483675986528397
0.20929144322872162
0.1615627110004425
0.13528944551944733
0.17796368896961212
0.18378475308418274
0.21642731130123138
0.20134508609771729
0.13376092910766602
0.19803979992866516
0.2134244590997696
0.31306982040405273
0.16267861425876617
0.15672723948955536
0.20697279274463654
0.2005169838666916
0.1291586011648178
0.19022265076637268
0.172694131731987
0.13908258080482483
0.24839317798614502
0.1092219203710556
0.18790969252586365
0.1472252458333969
0.1628730595111847
0.122823566198349
0.17722949385643005
0.12062877416610718
0.11186893284320831
0.1676369309425354
0.16192501783370972
0.22432377934455872
0.2575884461402893
0.2486279159784317
0.22928467392921448
0.1629796326160431
0.24781695008277893
0.20059913396835327
0.1800532042980194
0.18752260506153107
0.23344725370407104
0.22904974222183228
0.2019154131412506
0.13972792029380798
0.11369858682155609
0.15409262478351593
0.14402636885643005
0.24770262837409973
0.13466213643550873
0.1272227019071579
0.12172530591487885
0.19221335649490356
0.1831112802028656
0.19671061635017395
0.13957875967025757
0.20304742455482483
0.20847231149673462
0.09277091920375824
0.10266585648059845
0.16970130801200867
0.20337435603141785
0.2181471735239029
0.12483435869216919
0.20334944128990173
0.21013736724853516
0.18276360630989075
0.25749242305755615
0.2016535997390747
0.21180084347724915
0.15433575212955475
0.17210595309734344
0.16900122165679932
0.15114904940128326
0.18854141235351562
0.15899424254894257
0.23446500301361084
0.2107006162405014
0.23436513543128967
0.20028947293758392
0.1557510942220688
0.24324321746826172
0.22611960768699646
0.23662544786930084
0.17298002541065216
0.1651870161294937
0.2553407549858093
0.22036799788475037
0.14311474561691284
0.1716601699590683
0.17935536801815033
0.17700442671775818
0.13633416593074799
0.2330131232738495
0.17044734954833984
0.16594606637954712
0.15415047109127045
0.2254972606897354
0.19085514545440674
0.12785027921199799
0.1456773281097412
0.1573953628540039
0.23626376688480377
0.18302130699157715
0.1750398874282837
0.13085821270942688
0.16623923182487488
0.2563837170600891
0.2738662362098694
0.1952778398990631
0.196462944149971
0.11247624456882477
0.1540241241455078
0.15890713036060333
0.20504769682884216
0.11595109105110168
0.1461421251296997
0.20443978905677795
0.26476621627807617
0.15886035561561584
0.1636938899755478
0.12679770588874817
0.1736455261707306
0.12903106212615967
0.21503427624702454
0.17391063272953033
0.1946268230676651
0.15761132538318634
0.15356044471263885
0.1790870726108551
0.17324501276016235
0.15613560378551483
0.11678119003772736
0.21440818905830383
0.09177687764167786
0.21740621328353882
0.12432575970888138
0.15289723873138428
0.14262382686138153
