0.0014912226470187306
0.0005081589333713055
0.00020912327454425395
7.48375168768689e-05
0.00030083066667430103
0.00010846269287867472
5.539907579077408e-05
0.0002510016493033618
0.00020360827329568565
0.00017330273112747818
0.0001567088911542669
0.0003846952167805284
0.00013753683015238494
0.0002093564107781276
0.0002803755342029035
0.000282237830106169
0.00028214440681040287
0.000179616006789729
0.00018750976596493274
0.00031320928246714175
0.00036443662247620523
0.0007355184061452746
0.0002714569855015725
0.0007336650742217898
0.0002077560347970575
0.00029443763196468353
0.0011426497949287295
0.00019484026415739208
0.00026043635443784297
6.87904393998906e-05
0.00018546606588643044
0.00026697097928263247
0.0005059983232058585
0.001137102721258998
0.0009705205447971821
0.0003139941836707294
0.00018963789625559002
0.0002699682372622192
0.0002380424557486549
0.0005804919055663049
0.000316328601911664
0.0001905911776702851
0.00043400557478889823
0.00019222917035222054
0.0004756147973239422
7.67621022532694e-05
0.0003096293949056417
0.0005965400487184525
0.00016684466390870512
0.0005370552535168827
0.00022275674564298242
0.0003658186469692737
0.0003025815822184086
0.0002915163349825889
8.594030805397779e-05
6.442026642616838e-05
0.00043377766269259155
0.0005577917909249663
0.00011321716010570526
0.00035220463178120553
0.0001639920228626579
0.00020353867148514837
0.00013606845459435135
0.00021410979388747364
0.0001706938201095909
0.00020422674424480647
0.00027720301295630634
0.00026530635659582913
0.0006020155851729214
0.0005355678731575608
0.0007249200716614723
0.00035061739617958665
0.0004251827485859394
0.0004697533731814474
0.0002510150952730328
0.000144327525049448
0.0001866337115643546
0.0003732974291779101
0.00037034510751254857
0.00036426426959224045
0.00026307074585929513
0.0003261039964854717
0.0007400609320029616
0.00031588831916451454
0.0001537568459752947
0.00018501290469430387
0.00024055982066784054
0.0003705329436343163
0.00036916634417138994
0.0001437185419490561
0.0004310708318371326
0.0004280559078324586
9.958011651178822e-05
0.00019306068134028465
0.00031717095407657325
0.000205897624255158
0.00024125479103531688
0.00020524307910818607
0.0003593697038013488
0.00036384150735102594
