0.9935967922210693
0.6346068382263184
0.5565782785415649
0.4017506241798401
0.4301449656486511
0.4662530720233917
0.3987727165222168
0.3777996301651001
0.3339388966560364
0.33865219354629517
0.3479088246822357
0.32979702949523926
0.39083340764045715
0.4094015955924988
0.39991408586502075
0.3387489318847656
0.4121675491333008
0.3603929877281189
0.35288745164871216
0.3553042411804199
0.3980892300605774
0.39052614569664
0.42113178968429565
0.36721283197402954
0.3485258221626282
0.3876916170120239
0.36701229214668274
0.3988223671913147
0.3871384859085083
0.38481658697128296
0.4028815031051636
0.3728702664375305
0.33431774377822876
0.34230196475982666
0.3896844983100891
0.3461628258228302
0.3000219762325287
0.3920610845088959
0.407857745885849
0.31390824913978577
0.2887488007545471
0.4194986820220947
0.3415653109550476
0.3859264850616455
0.3602168560028076
0.2715728282928467
0.3236333131790161
0.3413945734500885
0.3826134204864502
0.3696650564670563
