0.0012101690517738461
0.0005124152521602809
0.00021395835210569203
8.646579226478934e-05
0.000151878732140176
0.00010506963735679165
4.1874474845826626e-05
8.198046270990744e-05
5.2894600230501965e-05
8.035996870603412e-05
0.00010355682752560824
5.1949955377494916e-05
2.999500975420233e-05
3.17983613058459e-05
9.348362073069438e-05
6.984801439102739e-05
0.0001005404774332419
5.929445251240395e-05
5.09643396071624e-05
4.45033838332165e-05
0.0001031769352266565
4.695279130828567e-05
6.509420927613974e-05
3.760370236705057e-05
5.0080048822565004e-05
8.192683890229091e-05
6.196268805069849e-05
5.749789852416143e-05
4.2235162254655734e-05
3.813568037003279e-05
3.885211845044978e-05
4.7671288484707475e-05
0.0003412816149648279
5.284886356093921e-05
0.00010931980068562552
6.809481419622898e-05
8.034157508518547e-05
0.00010260949784424156
5.212204996496439e-05
4.2705698433564976e-05
3.727466901182197e-05
2.958197728730738e-05
3.741005639312789e-05
4.877276296610944e-05
1.9225824871682562e-05
3.4733759093796834e-05
8.626264025224373e-05
5.474230056279339e-05
0.00021752029715571553
4.591688411892392e-05
6.480359297711402e-05
0.00018679609638638794
6.370431219693273e-05
8.684668136993423e-05
8.193023677449673e-05
8.089376206044108e-05
5.129631608724594e-05
6.589582335436717e-05
4.903429726255126e-05
0.000218249493627809
5.0367030780762434e-05
3.8307818613247946e-05
6.179480260470882e-05
3.6892299249302596e-05
3.807548273471184e-05
4.907490801997483e-05
5.440910899778828e-05
8.455174247501418e-05
9.375171066494659e-05
6.700121593894437e-05
7.66539596952498e-05
5.754399535362609e-05
4.206644371151924e-05
4.2531348299235106e-05
5.327353210304864e-05
3.998504689661786e-05
4.798945155926049e-05
3.811009446508251e-05
3.7760673876618966e-05
5.3434425353771076e-05
0.00011772363359341398
0.0002605420595500618
3.4028085792670026e-05
4.6338442189153284e-05
3.4142878575949e-05
5.759761916124262e-05
4.903837543679401e-05
5.850087836734019e-05
4.8521549615543336e-05
3.3473163057351485e-05
2.2003314370522276e-05
5.388867066358216e-05
3.614518936956301e-05
3.5191711504012346e-05
6.406486500054598e-05
4.1351722757099196e-05
6.195341848069802e-05
5.743230940424837e-05
3.988464595749974e-05
5.739438347518444e-05
4.6470559027511626e-05
4.2232084524584934e-05
6.682991806883365e-05
3.2989428291330114e-05
5.622246317216195e-05
3.345428922330029e-05
4.081705628777854e-05
2.734576446528081e-05
4.2453542846487835e-05
3.759675382752903e-05
4.139585144002922e-05
5.9867445088457316e-05
3.1463529012398794e-05
3.8961366954026744e-05
4.692853690357879e-05
3.792240750044584e-05
6.254854815779254e-05
1.7629585272516124e-05
5.4831045417813584e-05
3.4444175980752334e-05
4.010702105006203e-05
5.013954796595499e-05
6.14790988038294e-05
3.448165443842299e-05
2.5576740881660953e-05
5.958085603197105e-05
4.597569568431936e-05
3.997844396508299e-05
5.684535062755458e-05
3.3819749660324305e-05
2.5073615688597783e-05
6.447407940868288e-05
5.626690108329058e-05
2.1832038328284398e-05
3.368965917616151e-05
6.477241549873725e-05
0.0002787400153465569
6.084243068471551e-05
9.636845061322674e-05
4.863805588684045e-05
4.590559547068551e-05
3.833699884125963e-05
3.181424108333886e-05
5.018702722736634e-05
3.1040184694575146e-05
7.506203837692738e-05
3.676730557344854e-05
3.463018947513774e-05
1.9988128769909963e-05
4.9092523113358766e-05
0.00010031334386439994
6.48851491860114e-05
7.235776138259098e-05
0.00019054189033340663
5.47107556485571e-05
4.465932215680368e-05
6.122020568000153e-05
3.6375338822836056e-05
5.1922812417615205e-05
9.420989226782694e-05
4.276888648746535e-05
3.360764094395563e-05
5.9951493312837556e-05
2.8100223062210716e-05
6.821790157118812e-05
2.481361480022315e-05
5.3224335715640336e-05
6.928038783371449e-05
2.5152785383397713e-05
5.500347469933331e-05
1.0220252988801803e-05
5.600053191301413e-05
4.289601929485798e-05
8.051317126955837e-05
4.949485446559265e-05
2.63283473032061e-05
4.776756759383716e-05
0.00011692598491208628
3.7257501389831305e-05
2.755974310275633e-05
3.144300353596918e-05
3.419201311771758e-05
5.8620662457542494e-05
4.0298851672559977e-05
6.274545739870518e-05
2.4938166461652145e-05
2.433720692351926e-05
4.424394137458876e-05
3.866653423756361e-05
4.7374262067023665e-05
0.00021683504746761173
5.622144817607477e-05
4.3059091694885865e-05
1.6519848941243254e-05
4.6986831875983626e-05
2.9104374334565364e-05
3.0074155802140012e-05
5.2634339226642624e-05
4.7713718231534585e-05
8.203571633202955e-05
