0.2953585684299469
0.17986026406288147
0.1984453946352005
0.18636393547058105
0.13767507672309875
0.22582781314849854
0.1299879401922226
0.19698849320411682
0.16301125288009644
0.13410498201847076
0.11728797107934952
0.1741606742143631
0.2778596878051758
0.27680209279060364
0.17908474802970886
0.17751352488994598
0.15594449639320374
0.14615915715694427
0.15910477936267853
0.17552313208580017
0.17425818741321564
0.17092181742191315
0.1404770165681839
0.13976936042308807
0.17611226439476013
0.18633565306663513
0.17243629693984985
0.13796845078468323
0.12509208917617798
0.18489821255207062
0.1375732421875
0.13509993255138397
0.16067734360694885
0.18019524216651917
0.14266276359558105
0.14641611278057098
0.16134661436080933
0.17188774049282074
0.17720511555671692
0.13921751081943512
0.22704261541366577
0.17130795121192932
0.11037897318601608
0.17503537237644196
0.16807815432548523
0.17885684967041016
0.1846264749765396
0.1350901573896408
0.14624100923538208
